-0.824070 -1.686976 -1.462964
0.265595 0.358677 -1.539289
-1.543651 -0.842476 -0.864986
-1.613128 -0.809892 0.446313
-0.897841 0.719439 -1.417483
-1.704906 -1.559682 0.192804
0.435004 -1.180650 0.720803
0.332005 -0.558017 0.827013
-0.285395 -0.356517 1.116557
0.944128 -1.006337 -1.226363
0.122545 0.718241 1.946435
0.567929 -1.588473 -0.230881
-0.127916 1.555534 -0.696236
-1.343888 0.099254 0.781090
0.407791 -0.586433 -0.442356
-1.701721 -0.772249 0.212610
-1.747951 0.828910 0.037103
0.108805 -1.363444 -0.650018
-0.045884 -0.469490 -0.689116
-0.021920 -1.222991 -0.697708
-1.742147 -1.615829 -0.288779
-1.659164 -0.258392 -0.656500
0.563985 0.538992 1.777911
1.510910 0.370594 0.682513
0.458623 -0.876174 -1.490404
0.340254 1.158577 -0.506157
0.548747 0.662316 0.567640
0.136000 -0.314113 -0.630030
-0.275259 1.739680 1.115665
0.659276 1.581287 0.163966
-0.660613 -1.359715 -1.526230
1.549292 0.024682 -0.290640
1.499225 1.247408 -0.450301
-0.548259 0.771690 1.134894
-1.457636 -1.024855 -1.013531
1.119376 1.370042 -1.077891
0.750327 -0.438834 1.685285
1.484266 -0.899172 -0.503082
0.680671 0.990451 -1.378797
-0.112220 -0.806051 -1.587467
1.337879 -1.213896 1.074299
-1.710342 -0.432240 0.231117
1.056484 0.132033 1.407350
0.420479 0.198583 -1.485730
0.646037 1.418541 0.256939
0.362180 1.001384 0.812835
-0.049299 -0.591163 -1.579663
0.936571 -0.900087 1.530106
0.556262 0.789550 0.562831
-1.697583 0.211293 -0.532672
0.646225 -0.720030 -0.008018
0.417804 1.620066 -0.446321
1.588245 0.876251 0.337980
1.610014 -0.037996 0.151483
-1.684996 -0.383189 0.257935
0.080146 0.214295 -0.651331
-0.424516 0.250447 1.136855
0.585491 -1.696940 0.487485
0.140133 -0.731256 0.970307
0.641891 0.701599 -0.052441
-0.647138 -0.673331 1.124839
1.260610 -0.054414 1.175779
-0.960873 0.438148 1.023027
0.505808 1.458811 -0.361571
0.623398 -1.097184 0.351129
-0.991642 -0.301218 1.028184
-0.731194 -0.273495 1.114488
-0.809524 1.733253 1.081119
0.146570 -0.697692 -0.627506
0.047642 1.065066 -1.583128
-1.066435 0.505505 -1.341030
-0.203654 -0.948961 -0.698977
1.594053 1.322506 0.305076
1.591758 -0.551195 0.373134
-1.476707 -0.599789 0.659373
0.375647 -0.578328 1.863349
-1.346018 1.108628 -1.125970
0.274196 1.362730 -0.571401
-1.475369 -0.900128 -0.969011
0.191934 -1.274459 0.948706
-0.283674 -0.694830 -0.685406
0.657134 -0.934921 0.123511
-0.072778 0.501671 1.051583
-0.599059 0.203426 1.127192
0.089371 1.172536 0.995747
-1.481538 -0.423367 -0.971052
-1.648653 -0.206096 -0.646259
0.032629 1.214402 -0.660551
-1.090469 0.265948 -1.328782
-0.188541 0.883210 -0.692203
-1.080089 -1.326715 0.990120
1.606294 -0.311030 0.135271
1.016666 -0.301345 1.469658
1.497118 -1.353231 -0.456878
0.259631 -0.214128 -0.591441
-0.706016 0.375358 -1.503023
0.579282 -0.655887 0.501432
0.480785 -0.645459 -0.367864
-1.464090 1.083383 -0.990664
1.037543 -0.447050 -1.127172
-0.364797 -1.263025 -1.586670
-0.854397 -0.197084 1.086253
0.286606 -1.221704 0.883396
1.095874 -0.875996 1.395174
-1.338097 -1.177434 0.792979
-1.429715 1.668291 0.715008
0.449171 1.453598 -0.397105
0.570427 1.268633 -0.197764
-0.702274 1.060135 -1.501351
0.644896 -1.511445 0.303914
1.279006 -1.642170 1.149531
1.176353 0.501620 1.296656
0.157528 -0.945841 -0.621704
-1.582350 -0.360263 -0.801003
-0.665659 0.757246 1.109552
-0.828820 -1.407579 1.084623
-1.379392 1.479304 0.762422
-0.845987 0.628692 -1.452500
-0.100020 1.203949 -0.688461
0.229711 -0.386347 1.917608
0.559650 -1.183488 -0.259802
0.207968 0.528619 1.929559
-0.715818 0.957010 1.108172
-0.739599 1.031876 1.103033
-1.130376 -0.047902 0.954338
-0.331868 -0.494499 1.128808
1.429106 0.719075 0.887850
0.117899 1.581501 0.982604
1.573487 -1.373078 0.530946
0.396602 0.525679 -0.460893
-1.194468 0.025861 0.915443
-0.275922 0.313407 -1.589743
-1.484133 0.173199 -0.972907
-1.702016 1.285018 0.223802
0.170393 -0.857568 -1.558830
1.533576 -0.914842 0.612717
0.608183 1.498020 -0.141406
1.587101 -1.613375 -0.036474
0.478973 1.320064 -0.380590
0.346524 0.894754 -0.507357
1.588659 -0.471441 0.368316
0.509353 0.115731 -1.463827
0.595222 -1.461355 -0.167573
0.583353 1.018146 -0.210788
-1.664536 1.478407 0.347629
1.592304 1.252012 -0.017610
0.487945 0.241059 -1.457132
0.183673 -0.759590 0.940105
1.012451 -0.035321 1.464524
-0.016288 -0.202206 1.043829
0.377864 1.117673 -0.494284
0.360077 1.321886 -0.502859
-1.756435 1.243331 -0.323090
-0.635184 -1.651177 -1.534895
-1.570876 0.501431 0.523925
0.507608 1.008011 0.636362
0.171736 0.070825 -0.614811
0.433297 -1.222956 0.712110
0.226936 -1.459428 0.934408
0.636663 0.438629 0.257453
-1.421234 0.016191 -1.030689
-0.423346 -1.586719 -1.564390
0.896991 -0.860723 -1.240836
1.564326 1.333060 -0.238515
-1.571093 -1.362868 0.519017
-1.003362 -1.331916 1.001721
0.883380 0.189891 1.559955
1.582418 0.827214 0.040349
0.162357 0.065404 -0.618170
0.441092 -0.284602 -0.430812
-1.651135 -1.093462 0.344262
0.806670 -1.568848 1.634420
-1.020132 1.440325 0.999435
0.500164 -0.427966 0.649056
-0.044565 1.105338 1.064348
-0.826980 0.926022 1.085952
0.136909 -0.449805 0.975851
-0.485081 0.487159 1.133993
0.872753 0.006107 1.578337
0.578468 -1.297954 -0.228314
-0.214207 -1.274002 1.101275
-0.895729 -0.314002 -1.427027
0.562965 -0.651607 0.500515
0.293811 0.398357 -0.536758
0.612890 0.243122 -1.419002
-1.151989 0.504867 -1.276550
1.548613 1.737597 -0.335086
-1.673889 1.302070 0.309295
0.620527 -0.145548 0.349337
0.615588 -1.412550 -0.091152
-0.414841 -1.684944 1.146153
-0.141795 0.998279 -0.698016
-0.170827 -1.559685 2.021434
1.017215 -1.029493 -1.146555
-1.496198 1.438583 -0.957149
-0.255404 -1.269616 -0.692526
0.117813 0.024369 1.960579
0.436034 -1.312691 -1.483503
1.496374 -0.209336 0.744640
0.107530 0.232008 -0.657224
-1.725284 1.297424 0.148365
-0.179127 -0.087077 1.092048
0.643960 0.467779 -0.044168
-1.622424 0.892767 0.400458
0.414081 -0.766378 1.850667
1.564000 0.306941 -0.248099
0.503581 -1.435049 -0.334879
0.900755 -0.295409 -1.230401
-1.648118 1.124185 0.350450
0.458404 1.473403 -0.402143
0.231788 -0.781483 0.909471
0.461670 -1.516979 -1.484947
-0.096992 -1.431273 -0.695635
0.817143 1.008264 -1.309049
-0.179248 -0.621796 -0.688678
-1.690599 -1.003179 -0.560865
0.794782 -0.135454 1.648949
0.289440 -0.321394 -0.552029
0.243398 1.083579 -0.594181
0.608183 0.526727 -0.137651
0.649720 1.242942 0.027987
-0.974468 -0.954584 1.033426
0.400523 1.452219 -0.449836
-0.359444 0.254017 -1.578113
0.000416 -0.769139 -1.579514
-0.325522 0.324583 1.125645
-0.984651 -0.661110 -1.376978
1.594108 -0.529831 0.380033
0.551755 -1.149707 0.554698
0.641401 -1.330217 0.223641
-1.573418 0.482159 0.522693
-0.446907 0.908099 -1.571265
0.984405 0.958164 1.484216
0.237908 1.679264 1.909744
0.177421 -1.180319 0.945702
-0.402311 -0.170870 1.136552
0.613568 -0.690487 0.403088
0.949560 1.603481 1.521450
1.163804 1.336690 1.305188
0.834963 -0.391206 -1.286787
-0.890238 0.054357 1.069888
0.160703 1.608032 0.951675
-0.841529 0.127342 1.077363
-1.659383 1.120912 0.323108
-1.753478 -0.879208 -0.273648
-1.767136 0.676490 -0.046632
0.235235 -1.382501 0.907688
-1.756332 -0.039107 -0.282575
-1.392220 -0.761538 0.736901
0.252932 0.572530 -0.589353
0.581582 -1.058516 0.481123
-1.692113 -0.431238 0.269498
1.104313 0.338000 1.369242
-1.702986 -0.965088 0.249892
0.234780 0.211256 0.920243
-0.084233 -0.947613 1.094340
-0.402394 -0.782381 1.133526
0.180332 -1.335590 -0.615407
0.585770 -1.327334 0.465349
0.560646 -1.074830 -0.256729
-1.750706 1.643539 0.016158
1.577584 -1.264192 -0.168203
0.898202 -1.405574 -1.241794
-0.191704 1.431155 -1.592716
1.245422 -0.605082 1.203400
0.646268 0.032039 0.299171
-0.202156 -0.819949 -0.701426
0.948706 0.768199 1.533003
-1.600167 -1.460799 0.456113
0.019256 1.628594 1.977719
1.359585 0.038774 -0.726090
0.114545 -1.691600 -0.639289
0.945980 -0.647798 1.517336
-1.557501 1.741815 -0.820557
-0.251448 -0.174480 1.103556
-1.751666 0.338236 -0.258317
-0.411080 -1.196823 -1.581531
-1.489585 1.126747 -0.962623
-1.403543 1.313176 -1.039616
0.651070 -0.856059 0.186026
1.595580 -0.190093 0.007911
-0.898865 1.059599 1.061988
-1.544666 -0.814761 -0.842834
0.070411 -0.772307 -1.571351
0.665924 -0.890575 0.132171
-1.666921 0.189336 0.330309
0.315965 -0.949346 -0.536312
0.338323 -1.480023 1.867985
1.598283 -0.755714 0.102963
0.172544 0.781153 -0.621607
1.039540 -0.156858 1.435239
1.311405 -1.107681 1.126954
0.178859 -1.435101 0.946993
1.343315 -0.935693 -0.781349
0.655896 0.883232 0.155348
0.606071 0.273443 0.419220
-0.910776 -0.217055 1.045981
-1.404205 1.040546 -1.051299
-1.095763 0.306384 0.973238
-1.755756 0.952767 -0.028471
-1.049746 -1.208311 -1.344968
1.162058 -0.772386 1.290503
-1.492157 0.220543 -0.957218
-1.587951 -0.406847 -0.798570
0.466476 -0.936023 0.689028
0.633625 -0.698844 -0.034891
-1.033191 1.122004 0.997299
-1.029130 0.903437 1.004835
0.779138 -0.261475 -1.327810
1.387423 0.754448 0.966117
0.517660 -0.039018 0.620748
-0.298118 0.853877 -0.678851
1.564677 -1.076987 -0.226952
1.345508 0.061198 -0.782617
0.569988 -1.260790 0.539615
1.213520 -0.684187 -0.939146
-0.264640 -1.449591 -0.690284
-0.579558 -0.628073 -1.545978
1.603974 1.315796 0.079588
0.561635 -1.265017 0.528679
-0.760340 1.662863 -1.485068
0.070653 -1.689753 1.009684
1.361359 -0.527151 -0.731700
-1.295701 0.008418 0.828956
-0.281200 -1.702703 -1.590514
0.299062 -0.092422 1.885266
0.640872 -0.950124 -0.024782
0.338971 1.658269 -0.531050
1.614746 0.821449 0.145152
-0.819461 0.229520 -1.467746
0.490927 0.464532 1.820558
1.360630 1.555587 -0.738833
0.148019 0.297306 -0.642873
0.399952 -0.336784 -0.475810
1.208250 -1.198728 1.249170
0.668174 1.481591 1.729055
0.677793 0.290095 -1.375212
-0.209624 -0.048039 -1.582663
-1.731464 1.576867 -0.355103
0.492273 -0.481246 -0.351047
0.150591 0.666722 0.969608
-0.343947 -0.713411 1.138699
0.455460 0.419110 -0.413217
0.411615 -1.516613 -0.449624
0.087030 0.432780 1.009653
-1.674800 -0.370908 0.300522
-1.683694 1.618070 -0.599601
1.519784 -1.290978 -0.353231
1.377294 -0.238205 1.004055
-0.165358 1.093739 -1.595592
-0.772273 0.815858 1.089567
-1.624716 0.945222 -0.712520
-1.661786 0.381803 0.337864
0.267396 -0.441526 -0.566380
-0.143998 -0.507239 2.015633
-1.618988 -1.278162 0.427671
0.906485 -0.135206 1.552122
-0.432010 -1.191663 -1.570852
0.477865 -0.263491 -0.397768
-1.611223 -0.943680 -0.732661
1.572264 1.484838 -0.159026
0.875121 0.717016 -1.274484
1.535308 1.226747 0.571453
0.175144 0.526836 0.958656
1.519466 0.922998 0.700853
-0.044230 -0.276793 1.066878
-1.758148 -0.177312 -0.207099
-0.180686 -1.045711 1.095928
0.444177 -0.551677 0.713516
1.586301 -0.032686 0.305734
1.145579 -0.240021 -1.039080
0.629370 1.084906 0.328938
-1.742581 -0.983792 -0.312161
0.654824 0.022235 0.282137
-1.455168 1.451167 0.683052
1.213286 -1.491525 1.244644
-1.603502 -0.218749 0.457974
0.000703 -1.644464 -1.580823
1.089444 -1.086331 -1.078641
0.111888 0.863305 -0.648746
0.634017 -1.522464 -0.005797
0.494472 -1.020226 -0.361703
0.188197 -0.438991 -0.618501
0.183907 1.520063 -0.613826
-0.918178 -1.310022 1.054763
-1.662157 0.934134 -0.622548
0.568341 0.680049 -0.234580
0.572676 -0.827086 0.482821
-0.403099 -0.909765 1.131127
0.058772 -0.611801 1.020603
-1.033163 -1.615502 1.002106
0.911846 0.989005 1.547454
-0.272094 1.652751 1.114814
0.568902 -0.267915 0.524362
-1.354672 -1.672993 -1.099362
0.167804 0.932576 0.955068
1.582570 0.745256 0.399810
0.020090 -1.458017 1.039595
-1.385388 1.533935 0.757095
0.654223 1.092378 0.138650
-0.820988 0.706879 1.093114
0.188871 -0.798843 0.939668
0.346832 -1.565223 0.830826
-0.483256 1.034406 1.129688
-1.557412 1.060818 -0.851545
-0.288670 1.704761 -1.593748
1.413181 -0.143032 -0.639272
1.475713 0.804505 -0.508715
0.036425 1.226549 1.022972
-1.655832 0.842912 0.341434
1.070959 -1.614325 -1.105805
0.586907 -0.882754 1.771518
0.710343 0.588465 -1.358221
1.453626 -0.923007 0.860320
1.452915 -0.513184 0.818396
-1.548339 -0.471330 0.541717
0.652274 -0.388830 0.078451
-1.756727 -1.040088 -0.282839
-0.246465 -0.479249 -0.707653
0.157571 -0.138661 -1.553391
0.291395 -0.808076 -1.526726
1.283190 1.611655 -0.858327
1.521956 1.697029 0.655792
-1.414855 -1.214933 0.731262
1.408731 -0.810551 -0.670229
0.599356 -0.163289 0.448068
0.637000 0.102930 0.224988
0.704560 -0.593844 1.712780
-1.701138 -0.028993 0.235037
-1.737645 -0.936342 0.059517
0.256127 -0.556965 0.895336
0.781044 1.600386 -1.327648
1.517557 -0.581836 0.686157
0.566277 -0.543707 1.774529
0.066404 -0.416585 1.008781
0.777797 -0.152597 -1.319138
1.375400 0.760429 -0.717200
1.539312 1.268587 -0.338371
-0.184843 -1.219402 -1.589297
0.055854 -1.638886 -0.673028
-0.261132 1.107373 -0.694690
0.754333 1.001944 -1.323632
1.580052 -0.620938 0.385585
-0.819367 1.632176 -1.465108
-1.715457 1.315888 0.209904
0.632021 -0.186322 -0.011703
-1.758367 -1.572073 -0.229116
0.568894 -0.681954 -0.222070
-0.966306 -0.291355 -1.394515
-0.745469 0.491347 1.108068
1.219165 -1.220927 -0.938184
1.602185 1.494776 0.243940
0.032648 -0.943736 -0.673995
-0.855957 -1.290055 1.079206
0.248051 -1.088210 -1.543884
-1.695982 0.244426 -0.565709
0.875534 -1.006448 -1.255546
-0.812878 1.228301 1.085947
-1.726044 -1.693697 -0.468648
-1.760044 -0.329937 -0.166837
0.643174 1.095221 1.735399
0.554207 1.324701 -0.271406
0.652865 1.072621 0.112589
0.920272 0.422173 1.541753
1.409848 0.802661 0.932465
0.639331 1.071315 0.282950
0.387660 -0.149559 -0.481244
-1.742368 1.077683 -0.347803
1.565755 -0.471016 0.475338
-1.306866 0.621359 0.827049
-1.644006 -0.916040 0.388647
0.644654 1.203919 0.043112
0.611418 0.333364 0.314206
0.468786 -1.083822 -0.386653
1.573525 -0.409551 0.458855
1.215920 -0.542167 -0.932687
-1.660990 -0.420971 -0.646292
0.570164 0.405640 -0.252804
-1.578636 0.899884 -0.801139
-1.693727 0.076818 -0.547896
-0.506168 -0.169368 1.119020
-0.828929 1.737401 -1.454266
-1.675126 1.474117 0.281583
-1.691372 -0.593038 0.262036
-0.408301 0.102647 1.122821
-1.573032 0.985195 -0.830466
-0.398810 -0.142065 1.130013
-0.172270 1.363171 -0.708508
-0.225106 -0.508496 -0.686521
1.480301 -1.555520 -0.488766
1.452767 -1.602405 0.846175
-0.652754 0.735606 -1.539855
1.091703 0.660283 1.384936
-0.233163 -0.662043 -0.698625
-0.618417 0.310470 1.124998
-0.289588 -0.608191 -1.585973
-1.729156 -0.595624 -0.437113
-1.485188 -0.262424 0.630093
-1.766267 -1.219134 -0.136032
-0.800785 1.376132 -1.476369
-0.727350 -0.414505 -1.489874
1.514633 0.477533 -0.386717
1.597797 -0.905566 0.181405
0.083726 1.169858 1.009768
1.043740 1.445860 -1.124291
0.602976 0.929530 -0.138903
1.592202 -1.307096 -0.025055
-0.178143 1.729061 2.010866
-1.510689 1.050853 -0.892435
0.578929 0.355736 -0.180577
0.818318 0.202357 1.617828
1.130464 0.616384 -1.035194
0.027560 0.801785 -0.662579
0.647476 -0.734384 0.159882
-1.443811 -0.650593 0.690617
-0.392556 1.324948 1.130058
-1.645761 0.988373 0.392771
-1.627284 -1.101745 0.411426
0.427243 0.380478 0.735465
0.636891 1.147472 -0.047324
0.565934 1.191422 0.513189
0.898955 -0.458944 -1.242919
-1.146491 -0.628156 -1.296384
-1.236342 -1.273379 -1.230144
0.415954 0.976297 0.759257
0.264775 1.493054 0.897620
0.592554 0.730868 0.448966
1.166442 1.108578 -1.015878
-0.823972 -1.375620 1.083727
0.029482 1.319330 -0.678468
1.420856 -0.056165 -0.629588
0.709320 0.920458 1.702158
0.279186 0.448810 -0.562463
0.477365 0.743736 -1.479680
-1.754381 -0.796583 -0.086274
-1.530351 -0.500803 -0.910350
0.389220 1.011785 -1.499380
-0.624103 0.452048 1.121629
0.169584 -0.294070 -0.621972
1.292472 1.418760 -0.871367
0.815643 -1.238811 -1.302160
0.091012 1.330307 1.955601
1.515177 0.068625 -0.433019
0.625153 0.990601 -0.020438
0.850657 -0.020139 1.601783
1.431875 -0.529967 -0.597977
0.506153 -0.262009 -0.363113
-0.890861 0.530599 -1.433568
-1.705901 1.672545 -0.539507
0.644678 -1.151656 0.333575
-1.235423 -0.099633 0.877736
0.515443 -0.487143 -0.329807
0.837856 0.120543 -1.283030
1.331075 -0.656718 1.069181
0.501953 1.562575 -0.346388
0.576839 1.022674 -0.211849
0.612222 0.625913 0.403887
0.222765 -0.517704 1.929266
0.667716 1.246865 -1.377035
0.998445 -1.573028 1.480719
-1.533346 0.954801 -0.889213
-0.085913 -1.458623 -0.688918
-0.330343 0.299170 1.139051
-1.758883 -0.991417 -0.104069
-0.544656 -1.699207 1.132918
-1.751517 -1.139136 -0.295919
1.574989 0.300037 0.496256
0.532066 1.608552 1.789641
0.392646 0.344026 -1.507988
1.492414 -1.237822 0.732374
0.688393 0.394264 -1.372576
-0.524715 1.037012 1.132523
1.539709 -0.629862 0.602632
-1.392919 0.592403 -1.068332
0.425260 -1.353434 1.844111
-0.036394 -0.739814 1.989009
-0.211889 -0.432283 -0.696788
0.262638 -0.243776 -0.566893
-0.975943 -0.197197 1.031985
0.650922 1.319399 0.028290
-1.445418 0.997732 -0.993072
-0.025096 -0.696734 1.048860
-1.753259 -1.469827 -0.114955
-1.471589 -0.708456 0.648209
0.633376 -0.095405 -0.096492
1.448310 0.142040 0.862190
0.385158 0.498277 1.854893
0.450071 0.441772 0.695546
-0.167740 -0.809413 -1.595012
-1.141794 0.732240 0.940930
0.237146 -0.392874 -0.604278
-0.087170 0.808989 1.998896
-1.578522 1.638394 0.507212
-1.199516 0.717276 -1.238106
-1.720793 1.351839 -0.484297
-0.007513 1.188312 1.055901
0.723305 -0.382284 -1.350530
-0.335223 -0.340135 1.127897
-1.545101 -1.424705 -0.870290
0.605455 -0.254903 0.424192
1.579347 -1.468494 0.368610
1.357385 1.400091 -0.759048
0.484801 -0.975329 -0.362459
-1.286512 0.318756 0.843943
-0.586020 -0.071956 1.135767
0.303679 -0.906980 -0.541944
-0.110056 -0.107820 1.079455
-0.291697 -1.592527 -1.582218
0.196421 -0.431199 -1.551854
0.424096 -1.057680 -0.443997
-1.135322 1.264872 0.944550
0.085682 1.415699 -0.650393
-0.878445 0.967356 -1.455283
0.442715 1.306483 0.722581
0.371545 -0.738305 -1.506565
1.598261 -1.500984 0.002729
-0.469746 0.486257 1.137496
-1.387838 -1.525249 -1.053200
0.652212 1.152490 1.728874
-0.832336 -0.494717 1.068046
1.475087 -0.795805 0.801343
0.838027 -0.324490 1.616663
0.423182 -1.053745 0.743458
0.137232 -1.601998 1.943165
-0.177939 -1.141554 -0.692079
-0.989781 -0.658096 -1.378876
-0.149165 1.363797 2.013816
0.895410 1.257688 -1.259286
-0.484376 1.481769 -1.560596
-1.746413 1.161260 0.030276
0.075639 0.227482 1.011486
0.642136 -1.046405 0.340528
-1.152167 1.535537 -1.287824
0.423505 0.228354 -0.446181
1.593163 0.295644 0.189328
-0.499219 1.441918 1.123907
1.258528 1.095982 1.176485
-0.094340 0.820504 2.007442
-1.621151 0.261182 0.435877
-0.671034 1.615006 -1.529490
-1.718610 -0.976034 0.153119
-0.305797 -0.869528 1.134794
0.833154 0.371963 -1.292276
1.593145 1.037546 0.437972
0.579623 -0.990798 0.477819
-1.740594 -0.425216 0.079516
0.174727 1.497996 -1.566348
1.059952 -1.160197 -1.105623
0.697066 -0.235128 1.699914
-0.504042 0.699544 -1.552506
1.220256 -0.532890 1.236820
-1.668344 0.211620 0.314702
-0.314914 1.450688 -1.578193
-1.748633 -0.235524 -0.012705
0.445980 -1.577048 -1.480780
-0.153742 1.558535 -1.593664
0.646993 -0.390743 0.082080
-1.411353 -1.174817 -1.046528
-1.060348 0.611855 0.981853
1.394038 0.728565 0.957090
0.014556 -0.160906 -0.673402
-1.447695 -0.311417 0.693922
0.631785 0.227725 0.371809
0.386053 -1.157961 0.797006
-0.770749 -1.409915 1.096627
0.391084 0.270415 1.862466
1.433409 -1.299961 -0.623286
0.644820 1.690385 0.289040
-1.530757 1.072720 0.590830
-0.530524 0.145404 1.132394
-0.430876 -1.556410 1.132281
-1.665673 -1.258630 0.330425
0.473188 -1.140226 -0.383376
0.628075 -0.550512 0.280528
-1.337966 -0.719180 0.797542
0.269188 0.938252 -1.538063
0.062711 -0.584339 -0.652045
0.875691 -0.240215 -1.260748
-1.638621 -1.524709 -0.706319
-1.494000 1.650276 0.620599
-0.987723 1.706440 -1.393791
-1.207530 1.532661 0.896275
-0.289577 1.297170 -0.674450
-1.216050 -0.419323 -1.219233
-1.528419 1.101234 -0.903574
1.169523 -1.445279 -1.005813
-0.275200 0.420125 -1.589815
0.157887 0.985747 -0.625246
-0.555984 -0.645963 -1.544128
0.664627 0.142254 0.180986
0.501491 1.324673 -0.357597
1.349488 -0.465747 1.041696
1.596208 -1.169613 0.296583
-0.006121 1.617690 -0.679654
0.402601 -1.486572 -1.497393
-1.676442 0.685617 0.308570
-1.133614 -0.841179 0.953503
1.023162 -0.867356 -1.135243
-0.166996 1.213086 -0.697874
-1.433638 -0.127286 0.705571
0.342741 -0.318641 0.811985
1.335638 -0.186617 1.078751
1.006388 1.372648 1.470949
0.335404 1.004952 -0.522709
-1.462273 -1.527433 0.667926
-0.338223 0.854374 1.129608
0.626530 1.186312 -0.064749
0.085561 -1.242326 -1.570230
0.710761 -0.947974 1.678556
0.646494 -0.514195 -0.031281
0.491562 0.650875 0.659952
0.265209 -1.152096 -0.571953
-1.491252 0.647891 -0.957583
0.898169 0.562973 1.566140
1.439615 1.674198 -0.591154
0.647477 1.238932 0.084873
1.316155 -1.316776 1.105203
0.592108 -0.346387 -0.163107
-1.173144 -0.867889 0.927902
1.080289 -1.613213 -1.088330
0.345592 0.433103 -0.522375
-1.415666 -1.387298 0.702325
-1.598739 0.757996 -0.776041
1.541202 -0.269828 0.569862
-1.753117 -0.981008 -0.294724
0.089502 -0.139465 0.993794
-1.727280 0.499099 0.085961
-1.305334 0.322257 -1.162910
0.476922 -1.297442 0.658635
0.614881 -1.217862 0.409678
0.484591 1.562818 -0.357752
0.272396 -0.318744 -0.566184
-1.435593 0.759827 -1.015975
-0.130002 -0.048003 -1.591639
1.460676 1.372668 -0.543722
0.553841 1.399683 -0.265308
-0.593746 -0.358986 1.136661
1.565028 0.490259 0.505195
0.646714 1.247552 0.045555
0.910463 -0.279591 1.555387
0.168915 1.404886 0.958329
0.339120 -1.004267 0.824714
0.433274 -1.536806 -0.439414
-0.034193 -0.429620 1.999307
0.588111 0.173416 0.454901
-0.848833 -0.033691 -1.458031
-1.587576 -0.585613 0.476455
0.566218 0.023644 -0.242089
1.580573 1.299418 0.400470
-1.594074 1.206665 0.484437
0.094083 -0.956919 -1.571149
-0.679693 0.349825 1.105857
0.448022 1.114277 0.706130
0.274512 1.609532 0.896493
-0.241829 0.499047 -1.584977
1.595523 -0.179446 0.350326
0.873898 0.768044 -1.255193
0.100112 -0.048975 1.001514
-0.176398 -0.141370 -1.591373
0.149105 -0.423650 -0.634226
0.054725 -0.923682 -0.665951
0.086352 1.523537 0.997175
1.157550 -1.381857 -1.001191
-1.452043 -0.937033 -0.989045
-0.627632 -0.963901 -1.519484
0.584958 0.489627 -0.185207
0.598094 0.034152 -0.145305
-0.151390 0.460427 -0.693743
-0.373754 -1.557447 1.132114
-0.792580 0.550447 -1.477083
0.110544 -1.179125 -0.647239
0.540221 1.606099 0.567460
0.516903 0.003175 -0.318556
-0.028414 0.931211 1.052477
0.545304 -0.601140 -0.270550
-1.165502 -0.854548 0.917236
-1.608252 0.369571 0.448845
0.417169 1.478486 -1.487438
0.302126 1.440725 1.900146
-1.246537 -0.369502 0.868046
0.510688 0.385453 -0.342091
-1.155622 -0.077203 0.943638
-0.695910 -1.245842 -1.505298
0.160707 0.436471 0.964003
-1.699053 0.219390 -0.521699
-0.026321 0.347303 -0.685293
1.226934 1.441113 -0.928347
-1.478115 1.114585 0.661689
1.580093 -0.343320 -0.120370
-1.354374 0.225290 -1.106101
1.469736 1.397132 -0.501999
0.280977 0.446710 0.889300
0.604761 1.686503 -0.129185
-0.022439 0.314602 1.059359
0.636896 0.820519 0.292753
0.566534 1.591990 -0.231673
-1.423531 0.646490 0.716533
0.393441 -1.494596 -0.460193
-1.562763 -1.098791 -0.794722
-0.162177 -1.134170 -0.700611
0.452114 -0.725784 -0.394599
-1.707060 1.617539 0.164832
-1.741014 0.684207 -0.006232
-1.567944 1.410900 -0.825987
-1.539075 -1.345319 -0.842924
-1.187331 -0.752453 0.919483
1.144524 -0.092323 -1.035905
0.583512 0.179095 -0.205977
-1.194632 1.235202 0.907003
-1.739597 0.776948 0.036116
-0.822618 -1.343436 1.094897
0.186490 -0.705238 0.957248
0.443724 0.552827 0.704216
0.065889 -0.799885 1.006001
-0.286635 0.756249 -1.592775
-0.837554 1.187820 1.071866
-1.224917 1.355625 -1.232380
1.519952 0.937676 0.680246
1.132321 1.478423 1.335329
-0.766948 -0.408275 1.094806
0.445215 0.772454 -1.478250
1.051632 -1.588222 -1.114721
1.485901 1.689965 -0.508560
-0.103336 1.107777 1.079854
-1.480442 -1.115411 0.648609
1.476774 0.709617 -0.521743
-1.612919 -1.222078 -0.743211
0.530799 0.472557 -1.439881
1.031710 -0.060991 -1.123776
0.851743 -0.191666 1.591450
-1.427153 -1.014233 0.715411
-1.310403 -0.193012 0.825178
-1.678252 -0.932004 0.290162
0.772484 0.429794 -1.324558
0.606361 1.411319 0.385397
-1.648120 -0.758550 0.382803
-0.937854 -1.186572 1.041054
-1.091963 0.024046 -1.319079
1.455546 -0.560542 -0.537656
-1.721842 0.272104 0.126345
-1.675132 0.321811 -0.613386
-0.645414 -1.503165 1.125989
-1.761765 -0.912103 -0.180143
1.584991 0.768277 0.361654
-1.653070 -0.072092 -0.659502
-0.019048 -0.262180 -1.591709
0.053097 1.235239 -0.661884
-0.493403 -1.030565 -1.559789
0.237751 -1.442875 -0.583295
-0.795438 -1.001809 1.086934
0.376054 -1.009758 -0.476729
-1.398026 1.625883 0.749928
-1.270313 -0.971005 -1.188976
-1.206262 0.541759 -1.235976
-1.757755 -1.700887 -0.112059
-0.191973 0.159028 -0.698453
1.426877 -1.041700 -0.597717
0.340607 -0.580869 0.826684
1.469054 1.081627 0.816340
1.562467 -0.304020 -0.216192
-0.810378 -0.768186 1.075344
1.353784 1.184393 -0.731419
0.622863 -1.049409 1.750992
-0.164592 -0.952626 -0.703189
-1.427676 0.702537 0.693652
-0.281833 1.488268 -1.583413
-0.454138 -0.216549 1.127933
-1.733954 -0.444641 -0.352493
1.590155 1.678337 -0.017821
0.650065 0.060158 -1.396106
1.503152 -1.291583 -0.448353
-1.144170 -0.162680 -1.294410
-1.665536 0.312362 -0.641220
0.200912 -0.699898 -1.542246
-0.527804 -0.885054 1.136687
0.571451 -1.160689 0.494603
0.126365 -1.348727 -0.641995
0.497280 1.482976 -0.340672
-0.491394 0.312152 -1.569065
1.385581 -0.862466 0.984653
0.625708 0.956917 -0.078209
1.087667 0.361797 -1.081681
0.521969 -1.684412 -0.308804
0.459695 -0.163630 0.702391
0.776188 -1.517232 1.647610
1.515816 -0.412574 -0.409743
1.598413 -1.031903 -0.012649
-1.162749 1.666787 -1.274110
0.684101 -1.635756 1.712220
-0.862452 -1.566274 1.063000
-0.067502 -1.600580 -1.578798
-0.304676 -0.689567 1.114318
0.201929 -1.611292 -0.614093
-1.757541 0.241341 -0.277138
0.107341 0.966135 -1.568039
-0.802564 -1.389790 1.091112
0.654012 -0.627186 0.155172
-1.183334 -0.317113 0.913828
-1.040145 -0.991520 -1.351518
0.650718 1.492951 0.099113
0.631706 -1.463368 -0.005282
0.036123 1.011678 -1.574773
-1.280489 1.170950 0.847874
0.096131 -1.060006 1.966737
0.383091 0.681898 0.789335
0.549428 -1.241964 0.568013
0.553221 0.800038 -0.252543
0.331318 -1.154277 0.834232
0.621713 0.149788 0.385065
-0.902919 -0.954567 -1.431843
0.617869 0.909856 0.411551
-1.422602 -0.607410 0.715451
-1.769943 0.353692 -0.091484
0.810513 -1.693237 -1.300312
-1.228893 -0.072698 0.883041
0.493041 1.118376 1.813396
1.499003 -1.475636 -0.410192
-0.291479 -1.516493 -1.585786
0.168615 0.973812 -1.562125
0.490094 -0.410803 1.812137
0.705549 0.376384 -1.373757
0.118551 1.581905 -1.571686
-0.595757 1.593887 1.133461
0.862864 -1.062530 -1.252238
0.774917 -0.221531 1.659214
-1.477789 -0.139095 0.628492
0.643045 1.030687 0.272848
1.478176 0.322286 0.789131
0.618086 0.415724 -0.089465
1.017800 1.274042 -1.153184
1.601040 0.490832 0.162655
0.562943 -0.699855 -0.238617
0.573918 0.563267 0.504481
1.534879 1.728388 -0.398518
1.565318 -0.768134 -0.180100
-0.938262 -0.458732 -1.408146
1.599177 -1.394087 -0.075451
0.675611 -0.772879 1.711318
1.592458 -1.460101 -0.015508
0.581659 -1.318236 -0.218849
-1.334783 0.309300 0.807818
-0.540988 -0.481367 1.134255
0.614477 -1.596159 -1.408672
-1.655934 0.976258 -0.658284
0.603434 -1.409134 0.379673
-0.805496 -1.300002 1.089743
0.193350 0.633500 -0.618011
0.371738 -1.555554 1.864374
-1.231052 -0.311570 -1.231656
-1.524635 -1.215675 -0.904519
0.468880 1.078737 -1.481113
0.424498 0.738182 -0.440707
-1.482045 -0.398586 -0.957616
-1.297663 1.065939 0.833327
0.923168 0.569812 1.548814
1.522808 1.190460 -0.393293
0.618502 0.009475 -0.057349
0.223964 0.134200 -1.553111
1.534525 -0.271776 -0.343606
-1.553503 -0.842520 0.550189
-1.359687 -0.164864 -1.090824
-0.065688 -1.541564 -1.583228
0.596122 1.082526 0.457063
-0.141085 0.642577 2.017976
0.601860 -1.344976 0.425611
0.286168 -1.206741 -0.552092
0.645699 -0.231478 0.021402
0.545792 1.036683 -0.276005
0.276272 -1.415919 -0.553975
-0.822636 1.446083 1.081492
-1.054726 1.151206 0.998840
-0.316821 -0.553549 1.124150
-0.120947 -1.050125 -1.594401
0.622929 -0.890153 1.740005
-0.624750 1.708913 -1.537604
0.635124 -1.070147 -0.045633
0.359056 -1.366742 1.868921
0.962805 -1.116929 -1.198322
0.819526 -0.290386 -1.302685
0.649362 1.623958 0.176276
-1.074881 0.799946 -1.328077
-1.220188 0.484400 0.893110
1.344491 1.376914 1.079972
1.237125 0.920923 -0.899765
-0.183418 0.697428 1.109516
-1.763184 0.069366 -0.204525
-1.702419 -0.047189 -0.545539
0.629062 -0.443595 -0.044305
0.325204 -1.399252 0.840959
-1.349734 0.583889 0.789402
0.658983 -0.218519 0.213245
-1.737434 1.106646 0.064390
-0.785254 -1.188452 -1.485116
-0.209822 -0.962323 -0.699297
0.569158 0.943945 0.539447
-0.368137 -0.360644 1.133964
1.602445 -1.336720 0.197335
-0.970429 -1.151242 -1.393646
-0.313728 0.107632 -0.691497
1.354077 -1.383887 -0.747274
-0.486527 0.225698 1.128003
-1.751876 -0.438679 -0.026393
0.946906 1.485736 1.514969
0.062372 0.355969 -0.663060
0.160104 0.486450 -0.636731
-0.411397 -1.058315 -1.576550
0.907341 1.054863 -1.239893
-1.196981 -0.018604 0.907381
-0.161589 1.439467 1.096407
-0.458913 0.870115 1.130957
-1.475653 0.372495 -0.960748
0.379264 -1.156846 0.787068
-1.277555 -0.036958 -1.178719
-0.652644 1.335627 -1.514640
0.532261 1.073698 -0.317288
0.487466 0.236864 -0.363161
0.621715 1.107841 0.405083
0.639650 -0.173925 -0.036910
0.191542 -0.151271 -0.624395
0.600618 0.699006 -0.188259
0.020769 -0.876441 -0.682281
0.526493 1.091603 -0.312702
-0.987329 0.713330 -1.380432
1.225301 0.169443 -0.933843
-1.737326 -0.893515 -0.300269
0.615044 -0.483880 0.366592
1.016971 -1.399685 1.448686
0.234234 1.463590 -0.580801
-1.472096 0.872048 0.662037
1.367666 -1.388594 -0.732812
0.781311 -0.597615 1.656542
-1.260285 1.598258 0.853950
-1.070022 0.333908 0.977883
-0.358962 -0.189334 1.130216
0.639896 0.521471 0.017146
-0.830310 -0.208420 -1.454771
-0.093338 0.541905 -0.689205
-0.510203 -0.689291 1.131841
0.505775 -0.245576 -0.348593
1.590774 -0.553525 0.301498
-0.228798 0.956501 2.033362
-0.960087 1.367990 1.033899
0.417016 -0.767903 -0.427646
-1.629608 -1.273966 -0.700110
-1.027351 1.005519 1.014191
1.362268 -0.597077 1.042213
0.392111 0.488414 -0.461885
0.570949 1.510886 0.482376
0.113633 0.499405 0.973782
1.161914 1.295670 -1.016293
0.353331 -0.013897 0.797404
1.588452 -0.601883 0.314107
1.452670 0.829886 0.867727
-0.268206 -1.302030 1.116372
-1.611791 -0.105628 0.450912
0.644745 0.748010 0.278762
-1.076866 0.271251 0.982921
-0.509005 -0.557556 1.134757
-0.486931 -1.600924 1.136421
-0.221867 -1.027064 -0.703576
-1.364023 -0.788327 -1.096726
1.283937 -0.909872 1.140372
-0.381714 -0.057858 -1.582483
0.105679 1.069971 -1.574637
0.243681 0.943508 1.912774
-0.078322 -1.447491 1.065806
0.436040 -0.305169 -0.424510
0.644849 -0.080537 -0.031265
-0.262818 -0.363654 1.130877
-1.727889 -0.450080 -0.438587
-1.578174 -1.267149 0.499247
0.460094 0.923410 1.830263
0.493462 -1.531123 -0.332792
-1.596525 -1.002425 0.471934
-1.493743 0.823107 0.619968
0.328423 -1.336066 -1.520940
-1.403370 -1.298627 0.728453
0.975144 -1.632610 1.508328
-0.033522 -1.568216 -0.682989
0.623973 -0.478451 0.342053
0.602634 -1.030491 -0.170924
-0.144605 1.045716 -0.696599
0.187477 0.664583 -0.604557
0.786709 -1.636975 -1.317512
0.630484 -0.663209 0.314357
0.339190 0.438023 0.842806
-0.096997 -1.485136 -1.588979
-1.258017 -1.207326 0.857105
-1.697775 0.398428 0.271324
-1.616005 0.870523 0.431220
0.611790 0.788991 1.744959
0.548359 1.472388 -0.244596
1.064015 -0.526632 -1.095121
1.553447 -1.691130 -0.266683
0.446187 -1.214997 -0.422322
1.227788 -1.067714 -0.925714
-0.166210 1.732528 -1.593086
-0.230707 1.332581 -1.579840
0.317884 0.535154 1.892461
0.461066 1.063354 0.685439
-0.307775 0.935411 1.127667
-1.743885 -0.506361 0.015805
0.393801 -0.735754 0.767399
0.142459 -0.570774 -1.553709
-0.425208 -1.143769 1.127143
0.180913 -0.195916 0.953441
0.438746 -1.524193 -0.409301
-1.659464 -0.166786 0.320405
1.481435 0.760766 0.763036
0.219506 -1.002055 0.926659
-0.750470 1.725537 1.091877
0.511783 -1.214900 0.620134
0.431905 1.139642 -0.428640
0.484945 -0.105458 0.683998
0.614609 -1.174738 0.439091
-0.124872 0.416467 -0.701524
-1.506729 1.418897 0.618964
1.240736 0.220605 -0.913860
-1.389836 -1.591834 -1.071035
0.670404 1.211461 0.106630
0.310926 -1.195506 0.856187
-1.728811 -1.099563 0.076548
1.553758 -0.103806 0.494457
-1.129452 -0.308045 0.948358
-0.068801 0.138088 -0.675389
-0.226257 1.057144 1.114205
0.480693 0.919843 -0.380470
0.447562 0.278795 -1.483944
-1.120478 0.800420 0.959852
0.552668 -1.558404 1.779412
0.075375 -0.740840 1.010546
1.525472 0.363698 0.635907
-1.675878 1.023033 0.298268
-0.108925 1.368815 2.002582
-0.774372 -0.669586 -1.475463
0.230257 0.798816 0.920272
0.522489 1.525229 -0.314750
1.502654 0.860502 0.721684
0.930153 -1.205376 -1.221614
-1.649936 1.146018 -0.675998
1.409841 1.368500 -0.659155
0.198822 -0.785096 -0.595744
0.744969 -0.748119 -1.348044
-0.097301 0.006718 1.077242
0.380531 1.284216 -0.484109
-1.587549 -1.369886 -0.778413
0.193787 -1.591488 0.932629
0.050621 1.692836 1.030449
-1.508517 -0.181182 0.610828
0.497557 -1.297090 1.820912
1.425792 -1.551736 -0.629888
-0.279706 0.639338 -0.694858
-1.554183 -1.348392 0.547955
-1.049445 -0.523219 -1.356223
-0.678727 0.592534 1.111241
-0.281800 1.009064 -1.595506
1.213647 -0.954099 -0.946037
1.593505 0.768442 0.155661
-0.800898 0.164148 -1.478946
0.715386 0.672058 1.683077
-1.078868 -1.033038 -1.336645
-0.127157 0.504854 2.002030
1.054081 0.418775 -1.113851
-1.441289 0.358425 -1.004622
1.408494 0.104245 -0.667773
-0.102375 -1.262125 -0.699235
0.275392 -1.501259 -0.552719
0.787857 -1.334425 -1.325154
1.463373 -0.162562 -0.524801
1.579001 0.892010 0.452807
-1.091116 -1.699974 0.972374
-1.747398 1.181175 -0.315639
-1.119426 0.050805 -1.301698
0.064425 -1.110988 -0.669278
-1.627567 -1.646883 0.398070
-0.874908 1.331054 1.056311
0.651057 0.991374 0.112398
-1.508699 -0.306869 0.616847
-1.588361 -1.642989 0.471440
1.416734 1.376572 -0.652279
-1.101102 -0.922457 0.964268
0.640788 -1.151975 0.338912
0.526704 0.062936 1.806046
1.046588 0.737101 1.442187
-1.761062 0.694533 -0.095953
-0.555541 -1.111176 -1.541609
1.241784 0.566124 -0.923638
-1.755793 -1.681503 -0.210683
0.387341 -1.104916 -1.493674
0.507236 -1.160644 -0.335266
-0.246481 1.226103 -0.696839
0.418928 -0.526154 0.743695
1.599166 0.500793 0.151450
-1.584268 -1.229310 0.498088
1.164959 0.314570 1.302076
-0.001398 0.671430 -0.679335
0.640446 -0.030718 -0.034881
0.354948 1.579919 -0.499571
-0.260170 0.683873 1.122330
0.614291 1.487750 -0.114345
-1.673650 -1.502286 -0.613310
1.545327 -1.246258 -0.302890
0.540375 1.422226 0.603342
0.486639 -0.692483 -0.367144
-1.756997 -0.850026 -0.023179
-0.896126 -1.612788 -1.430372
0.228247 -1.341975 0.914360
0.457338 -0.306156 1.841008
-1.154478 -0.496486 -1.273996
-0.135041 0.587011 -1.593875
0.559645 0.528478 0.518042
-0.951068 -1.203558 -1.392619
-0.203610 -1.594164 2.025002
0.142147 -1.149377 0.966052
1.311696 0.526976 -0.795023
1.495708 -0.824418 0.735000
-1.135667 -0.381675 0.943498
-0.421192 0.553671 1.125209
0.727131 0.669386 -1.345463
-0.732943 -1.488690 1.111825
-0.287451 -0.125073 -0.682659
-1.639158 1.710513 0.409459
1.592395 0.273850 0.140706
1.212755 1.288779 1.234984
-0.138273 -0.832998 -1.584331
-1.412487 1.534327 -1.049040
-1.752204 1.045707 -0.333392
-1.062144 1.157955 1.005724
0.315097 -0.602073 -0.531250
-0.226836 0.742068 -0.696417
-0.019668 0.361183 1.040664
1.057619 -0.078790 1.429990
-0.696426 -0.819904 -1.508481
-0.030475 -1.577098 -1.582108
1.105046 -1.005508 1.381202
-0.634909 1.003893 -1.536037
0.073387 -1.015988 1.010238
-1.419219 0.333019 0.737848
0.042966 1.477186 1.029269
0.477309 -1.042942 -1.471331
1.488265 0.935626 -0.459043
-1.708819 0.259614 0.201922
1.389620 0.065859 -0.701853
-1.730847 -0.000042 -0.421656
-0.143241 0.374332 -0.691513
0.307164 1.069325 -1.532195
1.432360 0.798300 0.884253
0.530744 -0.510175 -1.444458
1.482291 1.138515 0.770458
-1.718144 -1.436811 0.125013
-1.579494 1.483655 -0.820810
0.655374 1.568471 0.176873
-1.190896 0.867062 0.909337
-0.523047 -0.174391 1.126903
-0.203529 0.218191 -1.593509
1.369228 -0.178457 -0.722364
-1.762494 0.304904 -0.125877
0.347419 1.131106 -0.525268
1.556885 0.080661 -0.240878
0.562774 0.779967 0.523620
-0.119780 -1.376519 -0.694248
0.424791 1.457448 1.845321
1.593179 0.910558 0.418371
-0.098719 -1.586689 1.080371
0.003261 0.715174 -0.678991
0.253153 0.105001 -0.585481
-1.468673 -0.072379 0.658702
0.502211 -0.031577 -1.463807
0.659459 -0.762015 0.280504
1.368666 0.953573 -0.707030
-1.750225 0.157995 -0.254835
-1.737717 1.653936 -0.371473
-1.674820 -1.288933 -0.597417
1.316940 -0.062620 1.116779
0.354615 1.003350 -1.525782
-0.238715 -0.013798 -0.696069
0.276248 1.692506 0.880974
-0.220467 0.232641 -0.698711
-1.656709 -1.417287 0.354920
-0.558317 -0.541193 -1.547409
-1.261988 -1.399150 -1.190546
-0.101191 0.300993 1.083366
0.944958 -1.471626 -1.212667
0.652322 -1.618465 0.128722
-1.737067 0.449605 0.093681
-1.721048 1.144634 0.165306
0.226114 0.936188 -0.591978
-1.512774 0.978824 0.594863
-1.162966 -1.130215 -1.270284
1.444649 -1.374295 -0.574953
-0.199048 -1.331406 -1.584042
0.366131 0.772737 -1.508630
-1.707025 -0.357270 0.204419
-0.906563 0.854476 1.055015
0.552350 0.610716 1.789813
-0.455128 -0.195497 -1.568617
0.648140 -0.532713 -0.002724
0.372840 1.021428 1.879194
-0.891893 -0.791236 1.056622
-1.409791 1.055156 0.739171
0.230114 -1.038582 -0.597654
0.568809 0.955929 -1.438027
0.650087 -0.925658 0.023575
1.520579 0.975059 0.672328
1.599595 0.882538 0.108013
-0.159369 -0.631103 -1.592317
-0.383822 -0.532260 1.135675
-0.044504 0.208925 -0.699406
1.316243 -0.867983 -0.823458
1.187347 1.214401 1.286942
-1.487194 0.649421 0.635583
0.982649 -0.982597 -1.188518
0.630401 -0.271519 -0.024552
-0.997788 -1.033998 1.031644
-1.754137 1.703827 -0.148683
-1.146046 -1.624629 0.931228
-0.476325 -0.893132 1.134084
-0.251853 0.462292 -1.577309
0.401697 0.723297 -0.467344
-0.139543 -0.286479 -0.693292
-1.679551 1.147961 0.301920
-0.195630 -1.652780 1.102698
1.335567 0.882447 -0.767533
1.004759 0.803009 -1.158839
0.280532 -0.921639 -0.554867
1.361356 -0.368408 -0.738797
-0.424545 0.837419 -1.578014
-0.100899 -0.812007 -0.689019
-0.028165 1.317387 -1.590505
-0.608628 -0.099011 1.137162
-1.088182 -1.293788 -1.333160
-0.627091 1.249534 -1.542309
-0.109711 1.558253 -1.578967
0.379168 -0.291713 1.859353
1.022307 -1.348680 -1.146185
-0.477127 0.181463 1.132450
-1.727597 1.475000 0.134918
1.418723 -0.917675 -0.644448
-0.705899 0.038059 -1.509056
-0.360916 -0.057769 1.128678
-0.502235 0.121007 1.128010
-0.277860 -0.535988 -0.686180
1.456311 1.113737 0.842671
-1.240136 1.508273 -1.218377
-1.522066 -1.078935 -0.887154
-0.218278 0.651939 2.020891
1.597986 0.433264 0.263794
-0.649257 0.020235 1.113110
-0.364639 0.386993 -1.578487
1.156031 -0.504238 -1.025260
-1.461107 0.281226 0.660057
1.338273 1.201900 -0.767544
1.175704 -1.694991 1.290167
1.279520 0.643432 1.159557
1.420796 -0.852113 -0.631382
-1.260342 1.478773 -1.200260
0.565643 -0.173691 -0.245864
0.379509 -1.481010 0.788100
-1.691375 0.513716 -0.557680
-1.437897 -0.836521 -1.018063
-1.381559 0.516848 -1.081463
0.632000 0.868468 0.341346
-1.207284 -0.097410 0.889272
0.386828 1.599233 1.864885
0.583365 0.115298 -0.204409
-0.032393 1.053492 -0.683082
0.634841 -0.907846 0.010275
0.328124 0.769454 -0.518911
0.257961 -1.605023 -1.541992
0.592855 1.625176 -0.170148
0.780427 -1.618952 1.649707
1.446550 1.466891 0.842692
-0.114223 1.168716 -0.693252
0.912067 1.322067 -1.220742
-0.357178 -0.934669 -1.583837
-0.933005 1.430125 -1.413654
0.486717 -0.282808 -0.353617
-0.526714 -0.880471 -1.543995
-0.172100 -0.235687 1.097173
0.766194 1.656959 -1.321337
1.318500 -1.097683 -0.818090
0.998479 1.538404 1.468657
0.502804 -1.669641 -0.334824
0.265966 0.105221 -1.539878
0.373087 -1.146765 -0.492609
-1.009171 -1.113253 1.023014
0.126336 -0.114649 1.950076
-0.019810 -1.162737 1.990873
-1.742540 -0.086776 0.029177
-1.233277 1.470131 0.881294
-1.763924 -0.734244 -0.212409
1.574087 -0.361348 -0.242830
-1.692183 -1.296072 -0.591293
1.513472 -0.996018 -0.411757
-1.083371 -0.150645 -1.320662
-0.104867 0.802904 2.010942
-0.622551 -1.065296 -1.532203
-1.165000 -0.035964 -1.264793
0.240672 1.525169 0.904593
-0.610208 1.615140 1.121725
-0.153424 0.419245 -0.692331
1.593230 0.711377 0.272029
-1.325735 1.471898 0.799294
0.627196 1.447926 -0.040343
0.597403 1.743763 -1.422506
0.972518 -0.248173 1.509094
-1.479943 0.373087 0.650842
0.604698 0.332486 -0.145944
-0.128190 -1.567767 2.009337
-0.112306 1.600806 -0.688504
0.322261 1.074412 0.829644
0.658035 1.327019 1.729957
-0.827677 0.891120 -1.460427
-0.101151 -0.316658 -0.694412
0.360830 -0.291210 0.799014
-1.497065 0.670985 0.633852
1.076419 -1.522934 -1.103567
-0.052352 -1.395725 -1.600740
-0.110053 1.598390 1.091736
0.084090 -1.410587 -1.573849
-0.245013 0.602985 1.118524
0.245349 -0.767026 0.901653
1.607118 -0.825499 -0.017075
-0.458979 -1.544352 -1.575375
0.434659 0.643322 -0.424320
0.686977 -0.942851 -1.381725
0.646809 0.849727 0.168561
0.818736 0.757212 -1.290491
-0.266019 -0.802560 2.005672
-0.275713 -0.722962 1.118450
0.057786 -0.680309 1.981586
-1.463893 1.605818 -0.975796
-1.395605 1.392467 -1.066096
-1.534412 -0.811836 -0.874924
1.271451 1.235622 -0.864146
0.321645 0.818137 0.841544
1.525776 1.681763 -0.390915
0.296892 -1.157091 0.871066
0.463038 0.976598 -0.400597
0.598578 -1.035507 -0.215917
0.159982 1.643736 1.936731
-0.777442 -1.111689 -1.484674
0.649423 -1.155192 0.124111
0.539371 -1.412569 -0.286653
0.479527 0.833306 0.659825
-1.180760 -0.114162 0.922564
0.532925 -0.031636 0.597735
1.415557 0.485769 -0.633600
-0.915510 1.429758 -1.427398
-0.691639 -0.641279 1.116550
0.207715 1.599448 -0.595730
0.455873 0.949264 -0.402498
-0.006469 -0.206386 1.977203
-1.221152 -1.625191 -1.215155
-1.036790 -0.801459 -1.358151
-0.828451 -1.420250 1.076453
-1.476935 0.767626 0.640988
0.138061 -0.454382 -0.637567
0.545221 1.672369 0.565748
0.027326 -1.254370 -1.576342
0.632889 0.786580 -0.025776
1.438589 -0.758675 -0.598689
0.375366 -0.715249 -0.496136
-0.505441 -0.781221 1.143592
-1.677941 0.705272 0.294619
0.781123 1.271064 1.660160
1.078760 0.552030 -1.088876
0.755261 0.543859 -1.334010
-0.026662 -0.707170 1.049685
-0.611831 -0.943942 -1.526988
-0.122487 1.482047 -0.699207
-0.285177 0.456612 2.028189
1.558081 0.841244 -0.197381
0.597815 -0.160442 0.440688
0.420668 -1.621076 -0.432483
0.496769 0.455150 0.640268
0.300445 -0.199549 -1.530786
-1.524349 1.268766 -0.900458
0.467954 0.145093 0.685666
0.500155 0.627858 -1.467765
0.635621 0.195515 -0.071455
0.571994 0.340738 -0.233577
1.109114 1.548531 -1.066270
0.368462 1.245232 -1.507572
1.056115 -0.650931 1.422880
-1.391920 0.917429 0.738836
0.152986 1.413011 1.946276
-1.070774 -1.604212 -1.338927
-0.007781 -1.310310 1.055162
-1.620023 -0.666302 -0.710498
-1.535013 0.787119 0.573586
-1.451138 1.560527 0.681275
0.642770 -1.602432 -0.022351
0.589624 -1.607094 0.460696
1.306083 1.533455 -0.818254
0.043276 0.470223 -0.672061
1.581515 0.228309 -0.224068
-0.101272 0.586379 -0.691904
-0.510424 -0.181198 -1.560090
-1.597597 -0.804190 0.474617
1.491530 1.422278 -0.467411
1.301727 0.071168 -0.830491
0.643608 1.191650 0.282850
1.098838 1.333852 -1.062066
-0.109144 -0.532207 -0.694018
0.316666 0.271819 0.855912
-1.315330 0.474154 0.818391
0.376570 1.728212 1.859911
-1.720054 -0.114190 0.177626
1.422939 1.638510 -0.622260
-0.310442 1.277979 1.117167
0.481377 -1.411248 -0.384353
1.291719 -0.019445 -0.855909
0.290461 -0.418078 1.901622
1.315102 1.156910 -0.801667
0.315915 -1.382073 -0.541112
0.004271 0.965962 1.996772
-1.700951 1.655891 0.242460
-1.289569 0.333036 -1.181138
-0.581078 1.538526 -1.548582
0.591604 0.412244 1.774619
-0.227164 0.758047 2.019811
1.589667 0.795249 0.270797
0.549710 1.037453 0.547458
1.474332 -0.935090 0.822680
0.637156 0.401878 0.231523
0.032279 -0.069687 -1.575686
-0.418503 -0.954502 -1.570461
0.518176 -0.068629 0.625900
-0.946614 1.161511 1.044411
0.596559 0.642344 -0.158353
-0.836853 -1.539398 1.085154
0.984404 1.466138 1.488923
0.633391 -0.699557 -0.007133
1.223471 -1.495856 1.232870
1.514820 -1.088308 0.695583
0.524255 -0.664882 0.615211
0.644004 -0.763733 -1.402306
-0.116575 1.360657 1.085064
0.417930 -0.713654 -0.459892
0.309788 0.358750 -0.537688
0.279394 -1.303046 -0.569979
0.214387 1.427596 -0.603357
0.255399 0.983927 -1.536672
0.980282 1.222153 1.494242
-1.351406 0.570108 -1.114462
-0.875511 0.017596 -1.441852
-0.955170 0.696555 -1.394469
1.508963 0.865048 -0.441883
-1.561982 -1.672815 0.518815
1.045012 -0.466441 1.426425
0.508857 -1.395512 -0.346871
1.606274 -1.135256 0.150973
0.111773 -0.613961 1.954580
0.599457 -0.265107 0.460644
1.396068 -0.183141 -0.660867
0.518463 0.853781 -0.305665
-1.598629 -0.371048 -0.771865
1.405186 0.069762 0.966618
-0.283035 1.520683 1.122957
-0.834116 0.461964 -1.456235
-0.242308 -0.618642 1.107379
-0.268096 0.126600 -0.687534
-1.740458 -0.767300 -0.199856
0.340328 -0.128952 0.818936
-1.754750 0.949837 -0.047252
-0.115626 -0.813046 1.090252
1.163635 -0.998303 -1.004702
0.620487 1.200462 -1.413634
0.567773 1.269170 0.525824
1.172496 0.186744 -1.004965
-0.980957 0.011477 1.025790
-1.198493 -0.125305 0.911962
-1.625691 1.162507 0.437576
-1.750477 -1.703992 -0.034996
-0.158309 1.130109 1.101635
-1.703652 1.202646 -0.532485
1.104008 -1.374533 -1.067389
1.582953 1.082604 -0.174088
-1.126125 0.118374 -1.300915
-1.412744 -0.538104 -1.035297
0.125591 1.073408 -0.644713
1.596060 1.410914 -0.094105
0.614312 0.600499 -0.115756
-1.602369 0.784395 -0.766576
-0.287738 -1.242968 -0.683848
-1.076418 -1.006314 -1.342498
-0.603409 1.526487 1.122033
0.268510 -0.637071 0.885531
-1.655581 -0.933613 0.337029
0.482951 1.198092 0.673484
1.604628 1.649887 0.102347
0.700833 1.601024 -1.362160
-1.746347 -0.078746 -0.309862
1.151808 -0.825872 -1.011921
0.999908 -1.467219 -1.158425
-1.754594 -0.816167 -0.167734
0.538462 -0.955770 -0.300053
-0.552347 0.356549 -1.540435
0.622753 -1.617471 -0.075391
1.568205 1.356232 0.468123
-1.724051 0.144931 -0.417167
-1.547760 0.500505 0.555658
0.541162 -0.303773 1.779761
1.579833 0.746414 0.285035
-1.141217 -0.925936 -1.283983
0.632955 -1.334603 -1.403414
0.560512 -1.491404 0.559873
0.634939 0.850114 -0.039787
0.616036 -0.855063 -0.105009
1.458212 -0.918503 0.851456
0.393140 1.456819 -0.481704
-0.463503 0.299577 1.143233
1.578266 -0.434000 0.451100
0.291700 -0.663733 0.864675
-1.146839 -1.041614 0.948158
0.004085 0.056367 -0.678256
1.348315 0.922313 -0.756829
-1.395586 -1.524295 0.741280
0.265642 0.088705 -1.535519
0.613333 0.633304 -0.114019
1.457152 -1.514727 -0.553937
1.468955 1.293455 -0.501856
1.571712 1.460910 0.429930
-0.889910 0.985581 -1.435935
0.503643 -1.545743 -1.466653
0.344544 0.838425 -0.508727
0.599257 -1.637171 0.464464
-0.754117 0.106719 1.101095
-0.600143 0.217763 1.124163
0.224657 0.592171 -0.591717
-1.759197 1.562469 -0.161870
1.604641 1.453702 0.103886
0.507679 -0.600988 -1.472783
-0.210168 0.124951 1.109060
-0.937520 -0.064756 -1.405106
0.781674 -0.490586 1.641347
-1.172838 -0.156158 -1.257158
1.419716 -1.305361 -0.624523
1.428058 -0.372995 -0.615263
0.582868 0.829612 0.498079
0.356267 0.095529 -0.499156
1.593499 0.168055 0.237707
-1.598590 -0.932835 -0.760816
1.597288 -0.333849 0.030227
1.110533 1.458664 -1.051649
1.578150 0.553119 -0.111850
0.004906 -1.064442 -0.672893
0.227691 -1.298307 -0.599708
-1.593913 -0.743817 -0.773782
0.018362 1.283840 -0.671471
1.348436 1.130317 1.062752
0.434055 -1.545164 -1.486105
-0.046334 -0.794313 1.055551
0.444080 -1.499928 -1.490383
1.212083 -0.879772 -0.943565
-1.675247 1.615851 0.282259
0.495054 -0.786756 -1.467415
-0.059772 1.164022 -0.690615
0.847565 1.001971 -1.286583
0.658869 1.182594 0.098565
0.071370 0.075338 -0.665844
-1.544639 -1.459709 0.555270
0.478653 1.468086 0.668045
0.585437 -0.544603 -0.210032
1.092065 1.201658 1.387372
-1.681148 -1.098286 -0.571349
-0.029998 -1.000260 2.006088
-1.251699 0.367834 -1.198359
-0.249191 -0.141023 1.131496
-0.254000 -0.808929 1.119193
0.261941 1.521041 -0.579408
-1.283499 -1.242875 -1.163155
-0.299638 0.020436 -0.686748
1.299280 -0.011179 -0.832627
0.649537 1.538504 0.099950
-1.455524 -1.120195 -0.995595
1.244448 0.879261 1.194001
1.473520 -0.366572 0.770872
0.620515 -1.122557 -0.116175
0.543613 -1.420973 -1.448614
-0.240274 -0.196923 -1.580626
1.455670 -0.809242 0.856044
0.359005 0.065688 0.808269
-1.746255 0.099973 -0.363996
0.405878 0.729031 -0.473235
-0.054924 -1.363545 1.058248
0.625616 -0.187816 -0.063552
-1.264333 1.235871 0.854113
-1.077254 0.404254 -1.341870
-0.523277 -0.573041 1.134650
1.177306 -1.436300 -0.999059
0.208141 0.956531 -0.604889
-0.202467 1.524009 -0.696169
-0.102203 0.504277 1.069529
-0.490149 -0.241800 1.133038
0.445025 1.436059 -1.478530
-0.201684 1.537851 -1.583803
0.479322 0.686861 -0.395206
-0.495059 0.443153 -1.568982
-0.747237 1.487811 1.100907
-0.213903 0.232391 -1.595553
-1.569491 -0.171563 -0.817429
1.431079 0.800270 0.900630
-0.663124 -0.816415 -1.521353
-1.190397 -0.999272 0.895568
0.634858 0.520024 -0.049450
-0.351911 -1.699406 1.142125
-0.238590 -0.519900 2.016964
-1.760706 0.245885 -0.112117
0.644959 -1.522707 0.012033
-1.526873 -0.418743 0.574547
0.288573 1.664073 -0.550659
-0.291075 1.036910 1.122155
0.262540 1.291917 -0.555748
1.593399 -1.576884 0.327217
-0.181140 -0.310739 -0.705324
-0.270380 -0.127075 1.123395
-1.711019 -0.080699 0.254306
-0.538413 -0.894556 1.134439
0.633238 0.571976 -0.039159
1.239453 -0.402137 -0.907032
0.455653 -0.340013 -0.397565
1.562274 -0.416463 0.561567
-1.509521 -0.735675 -0.946082
0.480435 0.266511 0.686211
0.121574 -0.128903 -0.651520
-0.027676 1.462287 1.982649
-0.676801 0.801734 1.122202
-1.720396 -0.667014 -0.456515
-1.321725 -0.767488 -1.141400
1.531973 -0.128860 0.639612
0.240712 0.363543 0.901011
-0.476095 1.209684 1.128168
1.359038 0.579337 1.017196
1.602576 -1.301707 0.223997
0.586138 -0.881405 -0.171180
-0.253782 -1.620478 1.120767
-1.763228 -0.490147 -0.083577
-0.078108 -0.966871 1.069694
1.546422 0.422347 -0.311944
-1.383738 -0.132371 0.748367
1.249792 -1.467782 -0.906580
1.380119 -1.127650 0.985210
1.357323 -0.154425 1.027024
-0.042883 1.232999 -0.690387
1.133626 -0.058900 -1.025345
1.074051 1.415707 1.401122
-1.577465 -1.112159 -0.812626
0.791938 0.056373 -1.309426
-1.576658 1.168616 -0.815786
-0.090698 -0.093403 1.082627
-0.667847 1.576325 1.113075
1.557293 0.169065 0.518485
0.654002 -1.204178 0.023551
0.653281 0.854176 -1.393411
-1.531327 0.295672 0.579676
0.286243 1.003106 -0.562700
1.330688 1.679767 1.082577
-0.641069 -0.306781 1.119360
0.485924 -0.436237 0.673682
0.503430 0.447233 0.639305
0.259580 -0.765048 -0.566476
0.856888 -0.485900 1.597523
-0.011942 0.699506 1.991245
0.244109 1.073924 -1.548169
0.008478 1.588005 -1.583865
-0.097080 -1.556331 -0.694677
-0.816257 -0.731856 -1.482510
-0.917200 1.385687 -1.412967
0.945049 -1.109783 1.542129
0.569734 0.779654 -0.226232
-1.392887 1.542362 -1.065354
-0.232804 0.860183 1.116986
0.248054 0.514051 0.904414
-1.683767 -0.033745 0.254770
-0.379522 -1.217632 -1.572736
0.057569 1.284039 -0.658583
-0.988550 -0.668582 -1.376408
0.037378 1.279367 -0.671811
1.459230 0.758825 -0.515222
0.494122 -0.075402 -1.464067
0.435103 1.230184 -1.496128
-1.701368 -0.864452 -0.537447
0.624459 1.358916 -1.408431
-0.014213 -0.038013 1.055001
-0.005100 0.226509 -0.682459
-1.531958 -0.633667 -0.883059
-1.760445 0.831374 -0.066686
-1.316008 -1.669363 0.819655
0.298397 1.135171 0.864789
-0.132835 -0.099310 -0.711170
0.121246 -1.108269 -1.571391
1.330444 -1.268305 -0.806218
0.674180 -1.098717 -1.395067
0.331155 0.455231 -0.546630
0.653956 1.717191 0.108907
1.134402 -0.147130 -1.020957
1.491311 0.296292 0.740621
0.193612 -1.639957 0.943782
1.605390 -0.668052 0.033283
-0.153715 1.576412 -1.590347
1.563156 -1.576181 0.469552
0.123124 -1.562503 -1.574558
-1.478738 -0.954534 0.638591
0.199742 -0.147436 -0.607918
-0.887080 1.697575 1.056500
-1.760004 0.873159 -0.244087
0.979402 -1.533456 -1.176664
-1.404388 0.942207 0.727759
-1.158420 -1.047803 0.914372
1.003093 -0.635276 -1.148081
0.556552 -0.012151 -0.255064
0.640718 1.136234 0.285870
1.304100 1.582794 -0.829185
-0.117121 -0.632774 -0.698589
0.523743 -1.506660 -0.312164
0.431816 1.080326 -0.424139
0.136165 1.089413 -0.631120
1.513208 1.329088 -0.396197
-1.119848 -1.388796 -1.296764
-1.218906 1.441709 -1.236677
0.040183 -1.705682 1.029006
-0.147621 -0.795805 -0.698481
0.529683 0.467489 -0.304575
-0.182594 0.878204 -0.696282
0.116110 -1.156381 -0.636836
-0.498785 -1.265529 1.128590
0.201387 0.723381 -0.611147
0.622418 -1.452825 0.352311
0.232872 -0.139928 0.911579
0.331894 -0.167874 -0.524115
0.860606 -1.564778 1.584651
0.887551 -0.864365 -1.250552
1.188240 0.276209 1.287779
-0.110106 -1.552853 1.091288
0.232543 0.536127 -1.547632
-1.187528 1.534585 -1.253321
1.588063 1.473637 -0.031690
-0.314575 1.667119 1.121142
0.560369 -0.833746 -0.246792
-0.166482 -1.304062 -0.696879
-0.024777 1.122366 -1.581992
1.183420 -0.102619 1.274927
1.433141 -0.557358 0.883765
0.363282 -0.521058 1.870574
-1.749195 -0.599429 0.053033
-1.330733 1.661595 0.795614
-0.511066 0.103982 1.140409
1.201010 1.243295 1.263052
-0.573065 -1.690461 -1.538224
0.221075 -1.703759 -1.545430
-1.673719 -0.150543 0.321904
-1.280884 -0.870175 -1.172510
-1.506584 -1.465518 0.610345
0.903844 -1.045552 1.561210
-1.419150 1.403419 -1.045983
-0.639119 -1.633911 -1.533323
-0.074200 1.455771 1.075590
0.240325 0.449612 0.925188
0.650633 -1.615754 0.238480
1.290095 0.421178 -0.847944
0.295574 0.027430 -1.530995
-1.011433 -0.403920 1.012417
0.492290 -0.149563 -0.349963
0.098752 1.626133 1.951117
0.520152 -0.279457 1.808512
-0.116643 0.239467 -0.706497
1.111367 -1.580746 -1.064347
0.454638 -0.603867 1.829693
0.500323 0.500626 -0.358454
0.381847 -1.384254 1.872795
0.614048 -1.452247 -0.105126
0.171622 0.252668 1.948004
0.815182 -0.006561 1.618271
-1.385246 0.045470 0.743961
-1.369473 0.796021 0.778887
-1.079671 -1.296064 -1.334029
-1.753744 1.308787 -0.026043
-1.755593 -0.903938 -0.114529
1.394979 0.394174 -0.684485
-1.622930 1.499490 0.403501
1.422189 0.264584 -0.628466
1.221948 1.519634 1.244553
-1.325530 1.006181 -1.139149
1.496626 1.627181 0.746933
0.979516 0.649419 1.483903
-1.746454 -1.553431 -0.222128
0.628418 1.173391 0.334555
0.300957 1.603953 0.856766
1.550574 -0.363085 -0.307814
-1.107346 0.940948 -1.307850
-0.280434 1.004801 -0.686303
0.608529 0.933671 -1.418516
0.554380 0.632933 0.556494
0.204277 -1.341880 1.933617
0.889510 0.143866 1.577525
1.029419 0.820864 -1.132976
0.346036 -0.813004 0.825586
-0.320148 -1.479546 1.122877
0.572938 -1.457160 -0.209782
1.458671 -1.456043 -0.522963
-1.601987 -0.351400 0.456970
-0.125907 -1.563096 -0.696257
0.991938 -0.324778 1.479845
0.354126 -0.879038 -0.508332
-1.753200 1.430582 -0.256360
1.019816 0.979282 1.453980
-0.301959 -0.189022 -1.593505
-1.130263 0.125783 0.946862
-1.486721 -0.158002 -0.952469
-0.135111 0.072826 -0.701065
-1.040756 -0.369243 -1.361096
-0.177030 -1.265798 -0.691759
1.220378 0.789933 -0.950686
-0.596760 0.927604 1.132796
-1.623846 0.532050 0.425335
0.180506 1.214289 0.936826
-1.370223 -0.427385 0.769587
1.161968 -0.339777 -1.006535
0.791058 -0.604268 -1.315537
-1.281983 0.464295 0.844214
1.305890 0.386164 1.131127
-0.905221 -0.661823 -1.418020
0.659422 -0.194775 0.147825
-1.730324 -1.034234 0.094220
-0.309932 -0.771964 -1.589401
1.504565 0.234239 0.718935
0.208416 -0.771007 -0.608680
0.606076 -0.978982 1.758602
-1.732122 -1.346078 -0.357104
1.187472 0.043888 1.261425
0.612807 0.936995 -0.094106
1.088647 0.133247 1.386250
0.990511 1.390827 1.484236
-1.309362 -0.704236 -1.151375
1.074687 -1.644649 -1.090271
1.542624 0.828227 0.593576
-1.738996 -1.231509 0.123542
0.306318 1.236502 -0.552162
-0.795440 -1.564199 -1.460898
0.341658 -1.655366 1.890794
-1.758594 0.014770 -0.000215
0.553606 -1.607756 -1.445273
-1.295770 -0.232487 0.837036
0.140813 0.981554 1.962133
-1.754582 1.267337 -0.281733
0.370919 -0.111111 1.871649
-0.572946 0.656145 -1.558271
-1.699350 0.605797 -0.527864
0.110122 0.431216 0.995478
1.494106 -1.371528 -0.446825
-1.576209 -0.050339 -0.804169
-1.414058 1.241163 0.721702
-0.073507 -1.546695 1.073848
1.581001 0.040508 0.448633
0.367874 0.510216 0.797096
-0.303368 0.282343 -0.675804
0.878036 0.810020 -1.244845
0.650478 0.913562 0.060011
1.116302 -1.433765 -1.046896
-1.396609 0.898990 0.752925
0.222239 -1.552866 1.916968
0.655497 0.901633 0.075630
1.263275 0.844686 -0.889709
0.319991 0.955258 0.853762
0.581163 0.340506 0.467140
-0.935388 -1.338835 1.045543
-1.704673 -1.617149 0.188334
1.510182 -0.278457 0.716033
-0.815515 0.965940 1.083976
-1.305996 -1.449635 -1.157656
-0.976645 0.420795 1.026877
-1.589498 -0.781539 0.483404
0.625240 0.914529 0.287907
0.401457 0.932197 -1.505957
0.891763 -1.241302 -1.255763
0.232113 -1.367786 0.916999
0.650350 -0.345902 0.047276
-1.151058 1.745278 -1.269267
-0.736838 0.234884 -1.492780
1.607608 -0.341877 0.145713
-0.326936 0.763621 -1.583369
-1.423964 1.475427 -1.024389
-0.238895 1.366488 1.112105
-0.300957 0.689584 -1.576857
0.872971 0.265052 1.594378
-0.074977 -1.275749 -0.686827
1.585272 -1.706489 -0.148212
0.189264 1.223134 -0.611318
0.622807 0.121750 0.347232
-0.653756 0.546756 1.120752
1.236618 1.367559 -0.923650
0.850530 -0.321957 1.601609
1.360280 -1.072325 1.012864
-1.490966 1.144122 -0.938584
0.647052 -1.067082 -1.389976
1.568710 -0.672690 0.523440
0.142391 1.639630 -1.563439
0.931473 -0.713261 1.524858
