275.097 325.923 179.837
288.899 336.507 177.777
278.589 315.866 193.744
387.518 436.753 -26.7326
407.807 425.768 -24.4086
399.744 432.226 -7.68998
401.01 429.338 -42.4994
-71.029 68.5275 -128.506
-62.3137 84.2627 -117.065
-82.7278 92.3768 -138.276
-118.865 -93.2463 -170.188
-102.502 -107.775 -170.901
-97.8218 -80.3871 -152.672
-86.837 -106.189 -153.235
-105.195 6.03331 0.0689377
-106.032 -20.4191 11.8129
-104.175 -1.83523 23.4587
-104.187 -24.0716 -8.52464
-13.6025 -56.23 95.4427
4.59531 -42.8085 97.6122
14.3796 -62.5092 91.9419
4.87616 -76.1405 80.721
-52.786 -105.119 37.9674
-72.5717 -111.899 58.1219
-82.3982 -100.703 48.143
-74.1847 -94.3687 33.5171
155.268 101.6 82.2129
147.462 93.6241 111.995
137.192 82.5478 98.2882
321.337 -282.581 -180.736
310.69 -259.462 -180.549
302.363 -283.361 -190.876
380.179 -390.475 -132.085
398.399 -384.535 -125.89
386.427 -400.266 -112.853
-136.285 -107.801 192.402
-141.575 -133.343 198.089
-154.809 -121.936 210.35
-20.2442 102.506 -32.545
-27.5816 101.043 -11.6492
-7.52251 102.286 -10.2267
-414.322 -65.2577 358.988
-404.561 -57.8859 346.27
-418.056 -48.3107 362.183
361.855 419.797 -28.5891
371.161 432.523 -17.7298
373.781 431.019 -40.1995
365.807 421.657 -56.9424
-317.349 -94.4007 -342.756
-297.077 -106.104 -345.099
-318.39 -89.3535 -365.709
-242.825 -117.38 274.699
-247.603 -109.949 250.781
-223.431 -118.514 261.449
-224.555 -107.136 240.901
-220.427 115.583 169.13
-202.172 96.0089 159.906
-203.527 117.722 147.516
-192.731 94.4051 143.647
-136.919 162.189 -146.037
-126.074 161.662 -162.031
-144.308 170.938 -175.772
-157.977 168.504 -157.233
331.071 279.194 -173.459
323.262 268.035 -156.786
342.749 288.262 -151.908
313.084 257.084 -174.306
293.394 -351.077 -125.101
308.452 -360.578 -148.246
291.912 -347.122 -146.11
308.556 -367.481 -126.923
-403.937 -87.7714 409.476
-384.094 -74.2067 418.761
-379.949 -97.9987 409.157
24.4226 32.8645 -103.185
25.0374 55.609 -99.0143
50.2741 54.2791 -109.13
74.5028 -36.1468 94.2914
93.2442 -45.3534 90.3206
83.1277 -56.8349 105.141
354.571 -341.54 -171.853
373.16 -340.987 -153.525
360.483 -321.394 -159.859
178.496 -239.172 157.213
166.318 -222.187 140.707
184.223 -238.142 140.225
127.089 190.297 114.654
145.433 195.632 110.393
143.775 205.836 124.726
283.358 -238.907 193.635
262.855 -222.401 192.099
280.4 -222.542 182.679
-337.71 -131.075 392.938
-356.883 -130.144 392.208
-345.196 -112.82 403.157
235.437 180.902 140.617
239.762 196.451 126.07
227.527 190.198 114.616
-412.883 -86.4883 -401.946
-395.738 -109.409 -399.402
-416.546 -99.9208 -385.065
30.2225 29.8453 104.002
48.5982 34.3098 105.776
50.0057 15.2262 97.6654
-106.133 -61.1295 -40.3994
-95.5894 -88.1379 -44.4895
-110.256 -81.7744 -55.274
-231.685 139.596 175.799
-219.981 156.791 164.145
-234.564 166.665 178.404
-303.504 184.995 -249.607
-288.344 169.914 -228.369
-300.544 161.18 -243.593
-351.471 -11.7927 -386.868
-349.909 -29.5636 -394.03
-354.711 -9.10891 -408.578
-352.675 9.91017 -399.683
367.264 -338.133 -49.21
358.122 -354.435 -27.0035
352.161 -349.974 -57.1919
349.101 -367.501 -46.4468
347.688 -399.819 48.962
359.222 -415.47 34.1025
360.039 -415.137 64.7723
-377.8 20.0017 350.289
-393.334 8.62193 343.242
-391.266 29.3909 342.997
-408.024 22.9281 343.16
-93.2528 131.799 120.415
-80.7594 117.629 121.879
-83.9935 112.187 139.737
350.739 391.975 24.6202
356.719 418.402 16.6741
347.929 411.187 43.9637
353.233 400.859 5.87511
282.426 -330.17 -181.563
280.697 -314.848 -194.588
297.806 -330.182 -190.388
300.814 -313.211 -194.557
148.09 -150.745 -74.7565
163.058 -171.783 -86.4754
138.309 -163.686 -83.8176
-279.643 132.225 -235.647
-274.121 143.572 -222.696
-287.339 150.496 -233.04
-295.884 138.08 -246.927
-270.236 -196.46 -265.937
-247.347 -197.477 -271.877
-253.527 -195.917 -249.806
121.683 -176.076 111.741
107.574 -161.893 123.022
109.483 -164.113 99.9126
386.003 -430.537 -36.2023
379.118 -436.205 -15.1398
361.152 -428.174 -26.7962
202.909 237.105 -188.581
184.844 217.104 -185.128
210.475 214.969 -189.08
220.344 235.587 -191.975
-121.77 -69.226 52.3685
-107.363 -78.5791 44.886
-128.184 -85.921 63.5337
-98.7274 -93.9581 51.2036
-51.2925 51.8405 -114.952
-305.544 179.751 345.811
-324.2 175.116 353.39
-325.2 182.078 327.719
-304.932 186.42 326.131
-98.5263 -142.824 107.523
-108.051 -134.676 93.4962
-86.4494 -133.568 93.6606
-83.8605 -133.833 115.134
50.1184 95.6603 -96.9512
65.9356 113.326 -104.617
65.0671 96.3854 -118.099
-291.106 113.527 -294.704
-283.915 111.988 -274.022
-308.095 115.502 -271.396
138.038 -128.291 153.271
165.172 -142.679 160.868
160.02 -124.125 148.53
164.984 -214.831 123.666
167.128 -207.768 105.75
151.768 -201.379 114.044
-86.7963 -42.4045 120.417
-118.091 -53.4299 116.974
-102.363 -52.654 133.132
-84.8905 -52.9387 134.276
-77.8881 80.1847 -0.89471
-94.3886 61.4089 -10.7584
-85.514 78.4227 -21.3872
81.1417 126.747 56.3197
85.2343 144.095 74.4339
64.5579 131.25 69.7367
51.9708 118.358 48.499
280.022 314.853 -184.048
298.071 296.897 -194.918
299.45 315.432 -187.995
-323.892 182.043 265.353
-323.232 158.528 260.773
-308.026 180.49 246.932
-305.612 192.385 260.018
301.294 330.35 190.862
304.177 346.324 176.969
-282.251 111.471 264.456
-287.61 107.907 281.794
-267.145 111.893 275.117
-265.55 110.074 257.458
-305.811 -102.316 -328.157
-378.116 -42.0751 425.827
-400.255 -54.7003 423.483
301.994 -241.88 -178.169
311.358 -243.375 -160.835
326.137 -259.739 -164.415
115.046 109.802 144.929
125.547 139.426 151.537
139.015 115.703 154.862
326.098 -375.411 -80.6934
330.172 -392.734 -77.5988
337.448 -368.138 -68.6714
339.883 -387.617 -58.2995
418.493 -415.167 -20.0404
434.121 -396.295 -7.27183
430.989 -401.288 -25.9535
354.656 400.078 111.951
382.894 399.757 115.244
377.658 408.491 98.1296
-343.787 -180.613 307.785
-346.54 -176.47 328.797
-326.056 -182.403 325.41
402.946 427.7 14.7122
400.44 425.181 34.0249
386.709 435.029 16.6397
-370.104 -22.9868 351.476
-365.665 -6.96778 360.202
-381.954 -9.34943 346.372
355.697 -420.947 -63.9491
374.052 -412.817 -88.8916
346.841 -410.264 -85.3705
-101.911 -37.2989 -95.3364
-119.517 -51.0611 -112.158
-95.5937 -45.9011 -111.655
-115.001 123.668 -86.0462
-138.187 129.637 -97.9013
-143.044 108.159 -82.2112
-372.395 -89.088 322.338
-374.525 -62.6369 329.449
-392.713 -75.7078 336.562
126.806 -77.7643 -113.047
135.907 -88.6532 -126.957
111.472 -75.5174 -125.486
-120.371 156.195 -138.042
-100.872 141.637 -144.806
-112.433 147.523 -159.738
-109.575 128.316 -163.503
-366.895 153.091 -320.861
-357.927 168.109 -316.984
-354.358 156.656 -303.677
-344.698 175.638 -300.275
76.0085 16.461 -83.7839
58.4971 11.5634 -92.3661
75.9022 -1.54531 -81.0253
315.238 -260.881 149.525
301.354 -252.265 136.965
305.093 -247.755 166.052
-410.757 -69.9287 415.67
-141.187 -160.23 -159.456
-141.912 -160.118 -133.502
-126.558 -152.222 -139.117
275.069 214.42 -177.18
265.069 203.675 -158.791
284.098 226.058 -158.831
124.991 174.222 95.4548
149.976 182.554 96.5562
-104.623 146.7 -122.22
-424.902 -61.5728 -401.085
-433.446 -50.6548 -385.073
-421.902 -42.137 -408.948
373.356 -396.386 132.152
377.15 -412.368 107.774
394.102 -393.773 119.537
354.989 -398.287 120.048
289.632 344.202 150.804
-255.109 141.372 308.047
-252.078 131.001 293.339
-266.331 118.769 292.592
-198.221 -183.793 186.807
-195.976 -174.029 168.36
-175.28 -181.966 178.732
-202.066 -105.291 170.214
-197.285 -99.511 204.043
-212.712 -106.651 198.825
-184.693 -94.5234 192.521
400.886 352.883 110.612
405.999 371.27 117.267
394.953 367.128 133.679
247.395 267.104 112.775
247.687 283.895 121.768
226.516 263.796 125.077
70.1732 123.057 -46.183
82.929 138.696 -70.4231
67.2931 125.384 -66.7181
93.4979 127.391 -47.8091
235.831 275.662 -189.701
257.979 260.679 -196.502
239.551 252.318 -194.545
428.382 384.322 70.8569
434.925 388.699 41.5155
425.796 401.476 57.1124
-333.812 -178.467 -305.307
-334.612 -183.092 -331.389
-317.8 -189.631 -317.281
266.724 -301.647 -116.1
269 -320.989 -134.465
252.22 -303.541 -141.697
129.382 61.5027 -71.8996
123.246 64.9666 -94.5399
111.238 46.7838 -76.6729
385.949 328.336 -118.673
382.754 336.185 -134.637
368.608 311.05 -130.113
-398.034 31.9603 432.091
-369.005 30.0832 423.508
-373.607 50.9722 423.937
-343.553 40.2947 -389.352
-344.519 26.3619 -374.053
-353.673 34.2187 -406.376
-103.796 -21.7362 56.7255
-89.1604 -12.3271 74.4664
-93.6013 0.049199 62.6525
-99.8479 -2.31142 46.2857
238.716 276.747 195.301
219.005 277.974 180.956
227.835 254.92 194.281
-111.197 130.053 171.002
-99.5456 115.301 165.657
-99.5104 128.736 146.251
-274.127 -192.368 -245.315
-260.759 -191.413 -227.879
-281.414 -183.907 -227.081
42.6533 109.869 -50.8583
25.3786 -89.1228 -78.1245
9.00484 -76.2394 -83.2758
-0.485001 -88.3493 -68.3122
10.9419 -98.7553 -50.3396
-201.744 -102.317 -210.93
-218.793 -106.539 -228.895
-221.029 -102.484 -208.252
-199.926 -115.983 -230.447
-122.393 -50.343 88.8602
-144.111 -68.9395 87.9091
-136.098 -62.1652 107.438
175.102 235.535 -157.091
190.938 252.8 -159.19
183.596 241.484 -176.117
139.719 138.6 -68.2099
164.779 150.912 -83.1962
153.384 125.301 -77.1378
-434.99 21.2942 -373.836
-428.17 33.8172 -394.097
-435.947 2.63739 -390.11
-425.225 17.6171 -405.864
-231.61 164.687 299.792
-213.772 159.247 282.339
-229.037 148.572 289.466
-245.94 161.912 312.438
165.698 -155.307 -78.3804
151.354 -134.246 -67.7425
-400.939 87.6852 -413.379
-403.706 66.8636 -420.52
-414.386 59.8666 -407.513
-372.663 100.829 318.559
-353.208 112.323 306.656
-383.666 123.454 314.156
229.639 197.385 -185.583
196.548 197.943 -184.537
214.047 177.801 -177.706
109.052 163.4 -96.4753
94.8751 150.419 -92.3958
101.498 152.813 -74.0502
-217.33 111.728 231.085
-212.441 103.987 210.914
-192.68 111.613 219.018
207.868 214.326 102.791
196.222 200.687 98.3305
191.052 217.025 109.968
-143.566 111.983 -194.483
-167.293 111.155 -210.938
-164.2 95.4075 -198.678
-318.896 125.582 377.04
-332.238 120.474 389.878
-332.813 139.983 388.892
-384.938 -131.88 -389.06
-368.651 -119.962 -398.033
-366.311 -136.748 -388.899
-245.02 -166.377 -302.713
-259.098 -168.765 -315.285
-252.659 -187.456 -304.55
119.622 49.1254 -56.1977
124.856 76.7032 -54.2728
-422.023 60.2354 368.66
-417.756 77.955 366.671
-415.997 81.7825 384.515
320.637 380.927 -117.003
341.568 392.26 -117.707
331.219 389.168 -103.837
-393.415 -99.1954 336.855
-380.02 -105.541 324.7
311.219 295.36 113.787
292.498 312.701 108.056
287.92 283.513 114.708
321.683 318.386 102.308
-320.264 -101.345 382.318
-326.074 -116.054 395.761
-327.334 -90.4122 394.129
-62.4036 91.4342 9.85009
-46.7569 100.474 19.5283
-63.0006 101.675 31.9748
96.1082 -38.3959 -78.555
83.7736 -47.741 -104.406
77.5589 -25.132 -87.6821
63.9268 -30.7993 -99.8726
356.886 307.479 157.237
360.472 329.617 163.457
372.641 325.31 145.101
-241.228 -119.448 -273.168
-254.302 -117.902 -287.037
-261.861 -112.133 -262.257
-79.6549 -68.8095 139.51
-96.3188 -88.9923 155.664
-100.043 -66.1875 151.034
-421.649 -90.6325 385.172
-422.857 -67.2035 374.308
-425.343 -71.3013 401.937
-430.161 -52.7199 399.2
391.058 424.219 51.2493
378.542 433.004 32.4588
303.24 -285.612 197.163
291.85 -270.21 198.244
318.237 -276.94 191.682
302.52 302.278 -110.288
295.321 332.343 -114.346
277.966 311.985 -123.707
288.012 287.067 -113.178
286.749 -292.83 194.688
307.934 -302.882 194.023
-100.125 -147.098 125.772
-90.5265 -132.19 132.955
112.147 -50.4146 -64.356
119.74 -62.7744 -43.4035
112.918 -45.988 -46.5265
127.748 -70.361 -71.9153
-186.364 -107.156 -134.883
-173.286 -86.8166 -125.73
-170.814 -103.193 -116.727
-189.253 -107.765 124.077
-196 -106.182 143.481
-203.578 -130.433 133.147
-209.14 -118.816 146.365
-24.8502 69.2639 96.5568
-7.742 68.2276 89.9066
-9.03299 83.9114 75.9186
201.392 -163.344 108.661
181.33 -157.543 93.9476
189.821 -173.408 96.4142
314.939 -367.06 146.979
299.087 -365.095 128.871
316.907 -375.99 129.261
289.274 -314.713 186.328
65.3334 -60.0019 -113.551
54.7961 -45.1845 -108.605
-78.9098 86.7094 23.5247
-91.0204 68.3735 15.4244
-96.373 78.2938 36.6662
-248.708 -163.994 -186.453
-233.125 -148.293 -175.097
-249.517 -145.575 -193.462
-176.955 -99.4072 111.508
-176.81 -92.312 129.638
-163.191 -82.1039 123.078
-142.807 136.714 213.342
-149.795 157.463 203.489
-132.484 142.324 195.082
185.36 -125.832 143.272
178.442 -111.929 127.122
137.958 -104.563 -55.3433
133.605 -132.701 -63.9148
118.19 -112.215 -50.8361
117.554 -127.517 -59.2841
-156.414 128.653 222.08
-151.346 116.617 209.594
379.441 346.175 20.9986
393.591 345.738 39.9733
401.819 353.166 13.4355
413.275 357.806 34.7446
-408.14 -61.5485 -353.144
-412.764 -90.5759 -362.682
-420.598 -71.2834 -367.539
171.898 235.97 164.552
188.554 250.305 151.401
168.532 232.888 145.46
188.738 240.293 134.663
210.141 -188.19 182.25
221.583 -208.632 188.712
229.714 -184.685 179.611
146.022 165.928 84.4858
166.581 176.806 89.1402
229.101 -171.71 -146.044
236.192 -188.897 -129.5
219.862 -171.163 -123.924
-292.734 175.735 -332.373
-276.16 187.81 -306.047
-299.235 188.493 -314.32
-299.035 197.618 -270.41
-272.155 194.871 -283.911
-293.886 195.513 -293.035
-63.6424 -113.09 -69.5408
-67.3425 -110.883 -93.6238
-82.9155 -122.148 -72.9418
-93.4897 -69.9072 -26.1456
-71.8068 -91.3135 -24.3351
-81.5129 -78.4788 -13.6361
-117.02 -136.508 169.518
-101.837 -137.759 147.3
-104.851 -115.823 160.903
404.258 350.42 52.9455
414.988 359.748 63.0379
375.732 -323.539 -77.9019
373.479 -315.641 -93.856
389.244 -330.704 -94.4204
-89.125 88.6116 -40.4751
-104.946 103.232 -63.8599
-111.01 81.0703 -49.3877
-85.6532 108.075 -61.5111
351.007 309.487 -173.684
359.723 310.86 -155.636
102.612 -16.2714 -39.2295
100.81 1.21136 -38.9874
104.79 -13.3457 -22.0351
353.083 -410.891 -23.7243
353.771 -422.15 -46.4089
167.386 -226.915 164.198
184.893 -227.828 183.964
170.415 -205.928 181.001
196.888 -202.856 185.664
-109.228 -130.232 -79.2245
-124.819 -112.579 -76.2055
-101.224 -117.285 -65.9645
26.324 -75.1629 89.8271
30.3887 -59.6315 100.735
108.787 151.397 76.9862
123.068 160.731 83.3677
135.56 150.614 74.8003
108.75 52.2876 24.2522
100.567 47.3275 7.99257
105.772 30.0359 13.456
109.376 34.9411 31.0919
-36.9997 13.1293 103.529
-25.8147 27.3355 108.273
-49.2548 33.9272 112.707
-316.269 87.017 337.202
-327.287 73.0262 350.729
-317.633 85.9294 358.226
-153.747 -72.8732 -146.098
-151.396 -86.2323 -169.33
-173.308 -81.8107 -161.215
-315.968 177.288 -261.384
-325.416 163.072 -270.355
-312.956 159.207 -257.203
352.109 406.194 -51.0014
354.834 409.837 -68.2879
339.25 390.494 -57.4362
-78.326 -70.7513 -139.017
-104.492 -67.9199 -140.634
-84.8045 11.5005 80.0115
-70.5209 -2.23813 88.9636
315.135 271.166 181.45
297.938 262.537 188.396
305.509 287.074 190.281
288.404 278.59 194.632
-340.832 126.81 290.349
-361.553 140.119 295.088
-179.882 -121.144 111.519
-105.976 -11.4477 -24.27
234.014 175.188 -171.014
356.708 -410.965 15.4929
349.581 -395.274 24.2052
-429.668 1.23942 383.429
-430.415 8.914 413.013
-428.866 27.3079 390.33
99.3174 -94.0058 132.073
88.9872 -123.136 137.12
108.758 -115.824 145.215
304.718 237.001 162.952
289.794 223.589 170.461
289.254 229.817 150.208
293.855 240.069 183.158
366.293 -319.027 151.63
352.089 -306.026 167.348
357.018 -323.517 173.78
-129.22 -136.692 184.065
-119.222 -155.5 159.778
-136.003 -162.833 181.131
354.346 -346.335 175.207
370.074 -337.359 160.827
21.9725 -85.752 76.5535
38.4874 -89.7726 87.0215
34.1703 -101.009 62.9012
49.6048 -105.059 80.6016
-143.774 -132.257 -95.8465
-158.309 -120.612 -104.242
-161.038 -148.645 -113.756
357.132 400.431 -117.561
374.62 415.833 -99.1419
355.448 406.851 -95.0302
-354.263 178.108 -331.393
-333.308 189.703 -312.084
376.468 -426.58 69.2795
372.582 -428.67 49.2375
-38.0831 99.3107 -75.2209
-50.2483 103.238 -89.4298
-40.8761 87.1169 -92.1043
-26.2003 85.2787 -80.437
-388.771 -120.287 331.054
-393.385 -136.41 338.918
-401.95 -123.339 348.861
-85.5157 71.8583 -140.952
400.788 -345.268 -80.7261
-298.367 120.85 -363.585
-291.672 140.651 -357.809
-309.677 139.609 -368.437
-320.892 116.244 -381.185
-351.336 -62.5847 341.071
-357.615 -74.0707 323.975
-369.939 -45.8599 338.729
26.2699 -108.373 -35.1632
31.692 -107.17 -58.1181
53.3724 -117.271 -45.8332
47.1957 -104.86 -22.7941
209.804 -245.457 121.187
228.517 -254.691 118.514
208.719 -257.465 136.946
-341.416 171.11 277.987
-328.089 185.826 290.806
341.162 405.457 90.6567
338.188 402.749 65.705
350.548 418.204 65.1785
361.306 415.672 81.6026
125.367 83.133 127.973
118.548 72.8732 114.377
103.844 132.322 136.25
80.232 128.101 113.63
92.9985 116.385 129.506
70.6362 6.77939 85.4885
77.6874 24.8127 87.4122
66.9371 33.8923 100.851
354.33 -361.852 -7.48696
373.014 -345.786 -22.1589
-162.065 80.1541 156.763
-152.851 72.129 141.398
-132.622 75.4507 153.098
-297.765 -119.413 -278.864
-277.827 -116.268 -268.667
-281.797 -112.892 -285.577
-158.329 173.038 161.291
-156.197 168.532 134.62
-138.021 160.934 157.897
81.2419 -147.956 -100.44
70.2635 -130.707 -97.9332
84.8116 -147.783 -80.1527
62.2702 -129.129 -80.4304
-47.7223 -21.8056 107.318
-46.0368 -46.8646 114.812
-23.8298 -32.4929 105.944
-15.9736 -16.5023 104.737
-423.619 55.705 395.658
-121.57 -46.9645 63.9893
-104.127 -32.047 76.612
-101.212 97.4979 169.536
-91.352 86.9894 158.261
-111.013 80.3902 160.041
-118.155 93.1203 174.881
-359.621 -168.379 -344.754
-364.952 -162.181 -366.078
-341.559 -176.612 -354.66
197.949 144.39 123.02
185.775 133.044 110.693
191.594 135.453 136.58
-226.337 -156.524 161.258
-204.343 -160.969 153.838
-215.365 -170.412 170.143
-423.289 -16.8255 424.927
-431.644 -29.0298 409.456
-431.785 -8.74802 411.567
-432.052 -13.7198 394.505
351.388 -383.376 144.638
109.61 158.317 -143.487
93.4775 135.346 -137.244
107.042 133.065 -150.041
185.628 -220.539 -181.059
183.154 -244.462 -172.124
173.291 -229.506 -171.647
110.131 119.03 -50.0348
120.273 99.7034 -52.5214
126.424 121.462 -58.9871
313.639 372.849 124.319
311.51 365.044 141.771
298.053 355.916 131.492
-110.184 -77.4614 163.638
-123.455 -66.8336 153.653
-133.925 -79.0208 174.065
-325.72 -159.062 -366.681
-326.616 -143.15 -374.247
-310.2 -154.462 -359.666
-273.84 -137.447 223.068
-258.912 -121.457 231.38
-275.357 -127.413 239.429
-124.864 144.228 175.501
-115.821 142.349 156.532
318.419 277.795 125.235
337.354 275.839 133.395
324.045 263.083 140.833
341.825 274.513 152.81
-131.431 -80.1733 -157.919
-136.267 -99.6833 -181.809
-302.077 120.966 353.773
-304.702 139.176 364.577
-315.424 109.85 368.286
-234.324 -195.133 279.424
-253.742 -193.108 300.029
-248.401 -199.023 267.555
-406.788 -67.8169 -412.344
-100.212 16.4221 61.8223
265.644 292.295 -191.173
256.629 315.322 -175.444
-174.474 -176.459 -204.535
-177.577 -177.769 -186.774
-160.076 -169.46 -193.272
-162.909 -171.405 -174.002
95.0624 -59.9499 -112.605
80.6307 -68.7662 -120.202
324.824 -269.905 165.381
332.69 -277.687 146.553
269.242 219.441 -140.481
249.086 203.251 -132.106
255.407 223.008 -120.553
271.619 232.961 -126.165
-361.445 -171.7 319.364
-400.645 113.985 -380.816
-402.723 103.556 -395.268
-408.337 98.0495 -379.35
200.974 -171.738 175.347
206.656 -157.787 166.34
185.439 -161.497 170.625
-123.098 -119.144 180.177
-114.937 33.5392 52.7317
-106.937 18.6264 44.279
89.8142 0.0680849 65.6907
91.154 -28.6297 77.3699
97.0891 -18.2763 60.955
108.283 -42.282 73.5306
157.948 -157.642 168.686
408.152 -412.687 70.7837
422.847 -392.559 53.7592
414.124 -396.61 75.044
-98.013 -126.611 -148.988
384.285 351.041 -5.78877
396.44 351.418 -21.1182
371.239 351.823 -30.1589
-199.34 104.163 -221.89
-193.445 123.684 -236.003
-178.889 121.175 -224.09
-183.321 101.288 -212.333
119.473 173.835 -108.56
110.699 165.009 -127.307
99.978 153.653 -119.313
43.4436 -31.5003 -104.823
31.9764 -45.4776 -102.931
-346.316 87.2949 -401.36
-357.252 68.0384 -412.181
-366.21 95.2067 -413.573
-370.715 78.2353 -421.179
103.647 -126.422 -136.93
90.2383 -144.903 -118.717
110.167 -155.697 -137.138
90.3869 -127.935 -124.809
-342.517 26.6291 380.047
-343.395 9.84503 404.972
-338.957 38.2242 395.586
280.767 -284.362 -197.102
289.592 -299.694 -196.669
287.273 -268.204 -193.321
-172.612 -93.5836 -185.418
-198.365 -95.3363 -193.071
-183.277 -108.486 -210.86
288.659 -222.993 -172.401
283.191 -233.737 -186.046
294.995 -231.84 -154.408
51.8168 -70.7027 -105.945
202.569 239.837 -120.232
222.212 255.549 -122.929
220.195 239.829 -110.549
383.197 425.317 -80.0722
398.51 423.821 -71.1709
384.663 431.974 -57.0403
-345.422 -128.999 292.869
-341.204 -110.312 299.391
-357.259 -122.023 304.143
-377.872 38.3807 -349.023
-402.122 37.0083 -348.313
-378.346 57.0472 -341.849
39.2273 -102.956 -76.2598
49.6755 -118.527 -70.3454
52.6103 -104.899 -90.5335
165.326 171.817 172.391
157.35 145.098 167.428
177.106 146.07 171.694
-203.837 -187.245 -215.169
-204.732 -188.128 -234.194
-178.584 -176.736 -225.397
-322.511 -165.568 255.823
-331.001 -179.556 272.976
-316.431 -183.525 260.569
-315.478 -189.294 279.35
332.256 -348.139 -181.575
341.245 -363.91 -169.917
365.499 -363.099 -162.981
-221.173 186.132 266.728
-215.33 189.393 241.794
-204.613 181.115 254.312
393.886 -433.754 39.1322
410.32 -416.923 53.765
389.077 -431.986 56.892
-175.097 -139.651 -120.797
366.185 366.125 161.426
339.57 362.44 171.324
350.549 375.303 156.996
399.518 -347.834 -104.804
92.6984 -104.377 -40.0152
96.6656 -123.85 -54.8405
76.1404 -117.145 -46.5094
-178.661 -181.455 227.653
-169.019 -164.447 224.268
-172.781 -186.53 202.644
437.396 -382.21 -17.682
433.674 -392.798 -43.402
-210.999 190.223 -240.207
-236.147 193.719 -255.808
-208.448 182.685 -263.99
-291.369 -185.228 237.609
-306.94 -177.134 242.197
-298.524 -189.901 256.024
-69.7595 104.926 -49.7355
-49.7351 110.697 -65.2263
-72.6793 117.897 -73.191
-143.771 -110.966 -90.4205
201.44 -248.343 185.792
189.774 -252.244 162.148
211.359 -265.517 183.685
207.324 -272.056 165.28
342.668 -409.552 -60.3175
-269.09 171.328 209.905
-260.92 190.562 211.125
-255.558 171.233 197.636
-266.305 -122.54 -310.251
-249.741 -140.501 -300.188
-270.365 -134.528 -322.754
-264.607 -151.012 -319.338
-331.974 187.211 -292.064
-331.446 -82.4105 -352.132
-332.026 -72.226 -384.05
-326.372 -93.3354 -392.749
-340.763 -157.97 -276.173
-327.181 -166.441 -262.902
-336.661 -170.539 -288.379
-322.738 -179.434 -281.25
-110.901 110.325 180.834
339.378 374.675 -150.817
320.079 365.08 -153.309
336.717 358.952 -167.346
149.96 -188.43 -101.651
178.303 -193.549 -97.6227
365.567 -353.107 9.02412
368.39 -352.69 26.8422
351.152 -363.013 13.4616
-410.773 -86.5082 356.335
-106.69 -18.5001 37.6146
89.7506 147.903 116.655
-217.62 -184.613 194.784
112.621 39.2938 -37.5073
113.017 62.8571 -39.2242
106.621 52.0234 -26.7868
356.818 -385.777 -141.014
345.062 -391.688 -123.215
339.93 -380.895 -141.846
-192.175 -101.784 220.923
-192.545 -121.846 240.968
-204.157 -107.069 235.478
-216.594 -105.346 220.455
72.145 126.167 -93.0203
77.2218 120.265 -121.762
-319.604 -173.611 -355.724
-317.977 -186.308 -341.026
-303.924 -175.749 -346.838
-426.537 -14.4974 373.699
350.796 -382.508 -26.1455
-100.179 46.6023 10.9057
-92.5067 -24.6448 -83.9412
-81.8213 -31.3558 -98.8103
-307.6 -102.35 329.869
-324.089 -91.972 314.584
-320.122 -93.2277 339.041
-420.002 2.38519 428.572
366.961 -310.058 132.814
379.095 -315.805 108.311
378.149 -330.637 138.997
390.745 -338.439 119.829
50.208 33.8988 -102.322
70.6673 49.5245 -104.311
63.3197 67.2216 -114.537
-54.7835 -113.863 65.7396
-68.3634 -122.718 88.859
-78.3043 -120.977 73.2722
-49.7908 -107.03 83.2522
49.5893 -111.607 63.0737
48.3701 -113.913 44.5453
67.1534 -125.146 58.732
-349.481 -159.765 -294.963
-358.846 -160.859 -319.54
-345.349 -173.786 -319.246
112.269 151.626 140.019
126.791 158.931 150.757
-357.794 -151.124 -379.804
-380.652 -147.836 -374.401
-173.266 -121.832 -118.103
-186.223 -125.363 -130.997
-251.37 -127.69 -210.492
-274.544 -141.064 -223.708
-268.095 -154.479 -207.206
91.4597 27.1816 73.8722
92.7957 42.2385 88.9969
165.704 -157.677 83.2454
148.703 -161.194 75.0959
167.029 -176.537 84.3634
-345.89 -102.23 -402.402
-342.355 -74.4433 -410.585
161.225 92.845 -106.072
155.623 96.6652 -84.3837
167.974 107.806 -95.06
-215.872 -106.418 -180.61
83.7025 -90.2567 -125.013
96.6282 -109.139 -133.481
82.6214 -112.107 -121.037
-254.64 -156.704 315.134
-249.027 -139.153 298.757
-237.923 -153.46 294.981
-170.095 -126.912 224.391
-172.777 -107.522 218.895
-176.9 183.067 -208.935
-208.623 189.169 -217.007
-200.099 183.273 -192.292
268.151 -304.659 186.658
263.783 -279.841 194.481
327.983 376.423 139.737
66.5837 -91.3155 -110.862
-405.685 -118.648 -373.489
-401.904 -106.902 -352.778
252.389 -192.608 149.445
239.654 -173.704 159.552
247.26 -185.596 172.309
263.497 -200.865 162.105
190.358 175.891 -177.189
174.807 193.427 -181.158
309.338 -334.325 104.684
286.879 -345.018 123.532
298.973 -353.314 111.62
-228.05 185.495 -279.381
-216.233 172.721 -281.28
383.853 394.763 -130.066
384.892 406.637 -115.727
368.765 390.242 -140.045
-118.334 -143.451 -161.583
-126.36 -145.348 -181.91
212.099 159.601 172.061
227.276 167.76 164.678
218.755 160.158 151.064
217.616 -174.368 119.005
206.623 -149.281 121.311
-376.191 -15.0833 -436.078
-385.367 12.3426 -437.642
-399.769 -1.55928 -431.479
-363.205 161.071 301.648
-346.827 175.777 301.121
-359.815 166.904 318.894
-199.081 122.185 238.034
-184.75 144.16 251.403
-179.416 128.268 234.867
130.672 179.446 -94.1871
137.366 192.108 -125.041
407.821 -418.208 -45.3448
403.027 -425.269 -27.3893
307.554 -256.542 187.587
297.946 -241.409 182.159
51.141 -16.7462 -97.5078
30.8117 4.43019 -99.2526
-219.098 113.502 -187.266
-219.557 130.033 -161.463
-227.776 127.676 -178.3
-90.1381 136.777 -127.685
-87.8558 136.432 -109.442
-395.67 -130.379 377.86
-371.827 -144.414 374.724
-388.665 -146.748 357.542
-370.855 -157.999 354.758
387.147 383.38 136.567
377.943 374.587 149.658
-282.61 -118.688 317.398
-290.688 -123.052 336.46
-398.946 -27.681 -350.67
-378.885 -37.3819 -341.174
-391.994 -54.2763 -341.159
-431.611 38.2765 -377.351
-423.12 51.3367 -393.97
-427.312 52.3302 -367.543
-419.922 67.414 -385.986
-239.253 -194.094 -235.278
-242.684 -190.993 -215.359
-222.996 -191.458 -223.157
268.287 323.488 163.885
275.175 329.878 144.887
275.485 -257.517 198.172
382.277 -354.5 146.619
360.911 -365.305 163.727
100.359 105.529 -41.4488
-267.162 -154.941 329.688
-271.287 -137.298 323.097
-392.071 125.027 376.504
-378.653 138.674 377.758
-383.588 126.882 393.606
-341.942 -61.5839 365.228
-360.22 -38.6944 354.311
-346.805 -45.6774 372.59
-348.169 -147.391 378.672
-331.015 -146.057 381.911
-322.683 -157.243 371.329
-192.328 -183.029 -195.804
97.1514 -78.8243 120.442
101.665 -65.2236 105.974
125.595 -76.8379 110.374
-5.29326 27.8511 -100.595
-8.14497 49.6261 -95.9291
-22.1209 30.4199 -104.337
300.741 -318.415 -105.712
318.164 -312.098 -105.791
305.458 -335.694 -100.954
-402.459 26.6551 -430.094
-384.623 41.1817 -435.075
-366.329 28.3351 -426.038
343.859 382.82 51.2326
353.318 365.22 29.9767
349.371 360.935 51.7871
140.3 197.13 -144.79
155.759 208.98 -128.021
161.402 219.937 -150.884
159.575 117.413 71.5993
171.964 128.65 81.6714
173.449 120.477 100.332
338.825 -373.731 43.3249
335.857 -390.237 69.0954
-350.4 -162.749 358.016
-328.593 -172.705 348.382
346.063 387.699 -134.078
359.529 372.425 -158.536
270.418 -254.073 -117.914
262.591 -230.929 -123.847
253.85 -244.553 -112.192
106.62 47.9623 73.7705
105.134 57.3435 97.6759
-201.985 126.895 -135.752
-192.744 105.834 -149.441
-181.404 104.979 -122.415
-350.454 29.2914 411.925
-355.201 50.626 413.037
-388.032 138.313 -367.493
-391.223 121.562 -396.151
-419.938 71.9723 -362.96
-411.386 91.6711 -363.063
-412.264 66.6624 -343.618
-403.574 95.097 -341.242
-90.889 -64.2104 -4.58588
-101.154 -50.733 -22.8726
-99.8078 -43.6506 -3.24785
-124.399 139.786 -179.36
-373.687 154.679 319.925
244.113 -217.34 -191.25
237.619 -198.054 -187.1
225.812 -227.115 -192.172
411.363 355.536 -9.1511
-237.931 -187.008 294.778
-239.565 -170.683 301.53
366.836 418.627 -78.1977
101.695 -90.9492 -135.302
-339.496 97.3229 396.084
-353.019 87.7576 408.216
-346.63 115.743 401.684
62.0964 -119.175 76.3901
-297.817 -173.801 -232.875
-288.417 -158.424 -223.934
260.406 217.313 188.464
271.379 207.862 174.49
250.38 200.496 184.577
61.6642 -97.834 14.1546
62.996 -113.911 33.3418
77.3671 -100.313 26.4131
80.6044 -116.195 38.2572
-105.391 -42.0796 19.3853
-96.0382 -62.9316 17.229
-397.875 115.091 -352.043
303.182 -254.097 -137.296
307.321 -274.346 -124.668
288.534 -260.956 -124.665
-135.425 -168.73 154.998
-172.276 88.587 -149.429
-164.026 85.8253 -124.943
-152.086 75.5217 -148.084
-148.798 73.7481 -126.604
-189.135 184.165 -234.709
-398.41 1.63326 432.154
-163.644 -169.145 -144.472
-159.765 -162.316 -127.049
165.625 159.938 80.2894
183.016 168.097 85.8861
175.724 145.659 80.0907
-368.749 -93.6847 -410.741
-378.851 -106.83 -404.323
-23.7904 3.9881 -102.408
-146.749 62.0243 115.233
-125.02 58.7844 125.101
-135.855 66.9408 137.294
-394.55 -134.569 -369.356
-393.295 -127.034 -351.02
-143.785 143.576 102.987
-153.09 127.332 101.624
-156.84 150.732 114.419
-415.522 82.0886 -377.268
-425.655 37.7615 412.375
-239.826 -108.749 -228.318
-207.009 -193.93 247.618
-222.428 -197.423 256.36
-231.113 -197.503 240.101
-201.162 -194.54 230.535
137.916 108.656 -139.352
113.543 115.956 -145.799
118.212 96.7003 -132.471
-138.919 -133.337 100.881
-125.684 -121.97 85.8151
-167.516 -146.696 224.181
-157.361 -158.83 212.025
-155.28 -140.413 211.755
103.106 21.9008 -51.8487
89.3494 16.6079 -71.3804
93.707 0.280272 -58.7997
-169.257 91.0228 178.091
-181.182 83.6908 154.035
267.089 294.88 113.564
251.457 299.364 135.042
268.005 315.296 125.677
426.626 404.91 39.0815
412.759 415.099 45.5222
413.789 418.414 24.8912
-415.272 -27.4133 -358.899
-422.494 -49.0958 -365.655
-429.235 -28.0995 -369.282
215.303 278.102 -176.756
219.63 253.347 -190.615
-148.218 -71.6896 123.371
-130.227 -62.9285 132.909
326.072 -372.39 71.2372
50.0845 73.0203 104.163
57.3669 91.7628 102.337
71.744 87.7197 116.032
70.209 67.5147 116.119
-369.711 -70.0517 -421.02
-388.856 -62.5855 -420.911
-393.14 -85.3263 -411.311
376.482 436.828 2.03793
361.119 421.555 -5.67391
98.9356 -163.448 -119.327
97.4629 56.9985 -99.1713
86.0249 36.5984 -87.7284
144.571 132.721 160.986
247.614 289.801 -187.91
237.142 299.805 -176.411
338.285 297.072 -183.042
180.622 163.12 176.721
191.67 176.789 181.133
85.441 114.592 -38.6582
76.5492 103.517 -28.1344
91.8356 92.0003 -30.6368
-316.493 189.879 -316.995
-324.97 184.292 -331.272
-65.2929 -52.7518 125.825
-214.882 -118.617 -245.701
-117.584 -99.1697 175.417
349.577 339.158 72.8233
368.135 337.057 50.6978
-153.886 102.011 193.738
-147.326 85.5677 168.545
344.52 -339.415 79.5323
328.64 -334.673 92.7069
326.447 -351.556 83.6696
395.214 -366.588 125.132
407.07 -377.579 101.068
404.321 -351.719 102.038
415.771 -362.841 81.9021
171.095 -106.252 101.337
189.308 -126.264 113.763
169.129 -122.471 91.1561
105.152 8.82048 -9.20255
103.768 -21.0055 -0.694842
267.048 -300.426 126.752
271.17 -317.612 130.117
288.672 -302.35 115.821
284.539 -326.347 121.832
-363.041 47.4802 350.394
174.054 -141.078 91.5361
156.812 -141.59 78.6762
288.109 237.133 -143.339
169.633 145.091 -162.085
145.879 127.54 -152.489
153.213 152.252 -166.045
-186.578 140.8 -240.467
-168.683 137.932 -223.374
-364.489 -167.626 336.915
299.126 358.297 -149.452
310.387 349.684 -166.742
-214.534 144.6 -146.774
-230.896 146.425 -165.613
-182.771 -140.648 124.961
-188.065 -90.8839 -148.665
-195.008 -91.0013 -168.898
-110.273 -57.9293 35.256
-113.989 -35.9532 42.7302
371.794 -425.508 -58.2126
167.304 170.84 -174.342
148.251 192.147 -171.482
-347.069 -29.6506 381.189
-339.584 -51.3262 388.301
297.246 -357.983 148.427
313.482 -351.327 166.381
285.987 -343.88 161.391
191.056 -147.04 105.125
362.84 347.126 33.3724
-334.408 -159.08 269.818
-322.541 -144.128 265.935
-173.759 108.364 -105.903
128.874 -97.8963 131.696
139.65 -111.813 141.657
-182.821 -93.6253 170.112
-176.333 165.371 -151.198
-194.379 173.748 -168.431
-168.401 174.953 -172.494
197.364 -231.622 114.289
179.92 -220.9 114.371
166.378 194.683 101.78
175.689 207.92 109.355
159.413 207.779 116.727
-273.169 -195.73 -308.22
-263.574 -198.267 -288.118
162.469 107.432 111.578
175.009 119.798 121.758
-146.737 -73.6365 148.127
146.176 -180.433 83.6248
-220.126 175.125 169.305
-230.253 116.355 -253.165
-227.142 131.98 -268.542
-208.065 130.599 -251.91
-173.669 177.172 -226.533
201.143 -157.676 -104.004
205.52 -152.149 -126.702
188.781 -137.782 -108.038
-359.943 87.157 326.293
-377.885 78.7396 330.267
-208.399 -117.897 250.218
349.805 -375.156 -157.116
368.134 -377.505 -152.407
241.764 -246.272 -195.385
217.406 -259.368 -190.759
248.124 -270.497 -197.499
-414.704 -33.7191 425.937
-423.919 -47.5807 416.823
-378.069 -143.725 -336.245
-378.345 -152.067 -354.715
-211.159 -150.23 -153.182
-222.943 -167.556 -164.954
-89.5719 -26.078 89.1062
-84.8636 -33.0336 105.097
-102.244 -40.324 100.465
-377.996 -120.164 395.556
-402.046 -109.681 395.164
167.282 -112.313 -110.63
181.075 -126.163 -120.08
169.497 -114.792 -128.799
383.673 -370.104 -146.928
-357.362 -45.4901 -349.401
-342.736 -66.8543 -357.922
-348.106 -49.3518 -367.426
401.117 401.354 101.641
384.671 416.679 76.8353
409.795 406.89 79.1105
309.453 -311.776 107.451
333.622 -310.647 99.515
-223.496 177.212 287.535
-244.425 184.378 300.34
-241.184 191.567 276.104
341.898 289.589 165.768
343.854 307.816 171.236
-155.641 173.444 -202.767
65.918 110.452 103.074
48.5374 110.925 80.029
61.5937 123.749 87.9925
45.7993 95.8195 89.2684
394.894 -329.835 98.6506
382.121 -319.983 91.3887
164.967 -99.1475 117.895
147.66 -91.2868 118.809
151.773 -83.4596 96.7992
278.497 252.868 -197.868
284.098 274.867 -197.888
-362.747 -27.7372 -429.581
-352.356 -29.5789 -413.098
-190.21 -141.763 245.412
-78.0325 -56.3231 -126.802
-58.4282 -61.8235 -125.461
-64.7909 -88.938 5.27548
-54.3255 -95.0232 -12.5655
-40.9908 -97.5394 3.97961
-53.5091 -97.2045 19.5957
-400.818 -45.896 -421.735
200.07 -132.001 130.309
270.282 -263.658 -196.208
271.039 -245.327 -193.085
260.581 -229.978 -191.895
-172.643 155.78 -135.908
-196.907 155.481 -141.865
-238.164 190.371 -212.28
-231.762 193.125 -229.937
109.877 76.5149 -115.459
138.939 76.6011 -102.019
136.152 87.7925 -119.47
102.929 17.4298 39.2055
101.722 -11.1636 42.521
104.11 0.257476 17.256
-180.841 168.66 -241.953
-192.951 164.634 -256.053
-375.46 -42.5915 -430.477
-386.54 -28.9344 -432.356
335.616 -326.836 -182.16
347.247 -317.649 -171.692
282.905 -236.082 -137.735
188.379 119.822 -126.946
177.035 108.303 -114.345
184.16 125.861 -106.528
-232.618 -171.782 179.771
342.647 -326.968 184.631
342.722 -308.644 183.991
-56.3844 -96.7253 104.997
-69.6914 -115.264 111.288
7.25454 -31.1437 -100.502
3.55023 -48.0624 -97.0064
-12.1547 -38.763 -102.317
-6.68132 -20.5723 -102.997
-47.2368 75.0732 -105.119
-349.903 135.336 398.452
219.524 -246.98 -116.444
191.463 -234.35 -125.341
202.724 -252.351 -136.704
-383.124 135.99 -338.533
-378.765 151.441 -349.888
319.149 -358.88 -168.224
305.396 -344.952 -179.768
141.223 -118.995 -156.566
144.523 -136.231 -161.502
124.668 -124.28 -151.058
154.245 -194.97 96.7707
182.129 -200.89 93.9999
348.2 -280.897 -136.656
326.63 -267.733 -136.964
331.365 -282.646 -124.161
339.859 -276.854 -160.194
81.4212 72.6981 -117.584
-354.321 69.192 410.533
-342.277 56.2053 400.41
74.8772 -15.0074 84.025
129.76 -148.264 -73.2622
120.028 -160.389 -83.3941
109.604 -140.564 -67.7998
351.592 397.53 -14.6859
-203.506 165.292 -155.431
-220.735 161.179 -158.601
-217.594 176.857 -176.806
111.558 139.667 -57.221
328.765 -371.54 -151.725
-130.559 84.3979 -64.2893
-124.949 103.772 -71.5724
-346.029 -10.6977 411.857
-356.677 -30.8228 421.269
-374.731 -11.1853 427.328
88.5078 139.063 -119.747
87.6937 117.701 -136.885
-112 70.2879 49.6114
-108.085 53.77 35.9111
-117.564 51.2185 50.9532
139.359 -136.187 67.8469
-111.159 137.803 -102.852
-127.218 145.947 -115.997
-310.111 -182.987 -265.617
-305.951 -189.812 -285.618
347.474 -401.093 -39.401
-198.799 -147.484 138.381
-183.657 -157.462 141.869
224.464 -273.501 139.278
405.312 356.994 -102.317
414.782 358.988 -82.8051
411.479 375.997 -91.6899
-48.911 -81.0157 -110.588
-54.0137 -95.3389 -99.5741
-64.4378 -99.2091 -114.702
-271.311 -170.733 204.533
-263.142 -142.105 202.782
-284.489 -157.367 216.95
-121.446 66.8786 -154.928
-134.159 64.9127 -135.991
-250.774 198.529 234.907
-267.517 196.992 229.179
-241.481 196.85 214.629
-361.942 146.255 386.583
-375.207 147.714 359.842
-343.913 -11.6921 391.192
-341.459 -29.6447 402.204
-412.42 -10.3234 -357.158
-431.66 -4.81284 -368.311
-366.705 -159.441 306.875
-354.795 -170.009 296.378
-158.46 -110.384 -200.986
-148.71 74.732 -107.122
-163.04 96.138 -97.0597
-147.713 81.8272 -82.7927
368.632 304.938 113.474
382.093 323.883 120.159
366.959 304.526 136.58
-418.172 48.7435 -350.156
350.663 375.423 2.77532
346.73 377.235 -17.8887
-111.169 49.9375 -116.274
-90.3051 42.0686 -118.309
-93.3021 54.6476 -136.589
320.836 355.321 174.814
305.351 354.172 160.614
322.598 365.809 157.473
-349.122 7.31481 -379.755
406.056 -338.01 79.9867
417.984 -350.068 64.3938
399.482 -340.168 58.5416
-46.2 99.7784 81.7755
-41.941 103.873 65.2679
-60.1048 109.836 85.3677
-57.1787 111.941 52.6573
-139.169 -150.941 -107.963
-169.926 158.015 126.371
-179.199 141.25 126.06
-191.922 148.781 138.356
249.744 -289.259 -124.373
260.872 -273.856 -111.746
242.205 -260.747 -112.252
232.968 -279.384 -135.831
-335.454 -75.2514 355.217
-330.107 -79.8941 371.919
394.62 417.543 -91.2542
255.525 258.581 196.902
245.48 229.662 193.275
262.491 240.143 193.608
-112.449 67.6872 143.614
-94.9094 54.6584 127.266
-288.063 192.923 301.618
-280.98 186.87 323.095
291.5 299.385 196.255
307.65 312.504 192.838
-180.222 -169.85 157.01
-50.7567 -101.104 -82.0054
141.535 -150.559 164.489
135.706 -190.343 123.749
150.977 -205.904 132.057
220.284 -157.351 135.332
232.03 -174.961 135.846
221.017 -155.843 156.439
-370.081 71.7695 420.367
-181.745 124.646 -113.589
-163.913 123.415 -101.535
183.07 185.766 92.545
-177.392 143.572 -122.953
-194.208 142.197 -129.741
-342.468 -70.4787 412.383
-332.338 -73.566 393.716
-359.928 7.38414 421.01
140.968 -87.8287 -110.097
154.558 -99.5032 -106.736
147.849 -92.0929 -92.3722
142.968 108.566 -69.7356
243.145 -296.001 -187.725
262.208 -312.487 -186.846
254.519 -311.165 -170.363
109.933 -159.198 142.986
121.213 -176.236 135.257
228.057 161.611 -155.832
215.506 156.394 -128.408
214.436 146.738 -145.148
111.578 43.647 47.4452
101.412 28.414 56.216
199.797 -216.386 100.829
216.567 -232.986 107.313
220.078 -212.575 104.309
122.69 -53.4235 60.7703
112.246 -34.9157 45.5282
115.25 -52.693 41.2797
-218.876 138.359 162.449
-206.412 144.938 150.401
-338.271 -91.0855 407.874
-206.59 116.276 -157.807
389.491 331.14 98.3092
401.798 346.639 84.8591
414.678 365.92 90.7692
-153.274 150.409 220.352
-232.218 -121.273 -190.447
29.8771 -41.498 104.313
-290.308 121.747 335.994
-292.003 137.553 349.33
-279.394 138.096 333.934
48.5623 -35.5264 103.315
55.3072 -53.0874 108.964
-105.654 98.2891 57.5738
-119.116 118.622 75.6959
-95.7779 114.928 62.1909
-61.1691 -82.1801 -127.111
-394.899 64.3554 -336.92
-390.797 80.4335 -328.179
-339.837 88.6925 324.901
-326.816 96.5198 314.146
-308.643 95.8229 318.113
240.806 -299.165 -169.654
229.163 -283.941 -186.681
-104.049 -13.5242 -44.3312
-104.907 12.7148 -28.1024
-96.9164 7.38723 -55.2356
-435.528 -27.9211 -392.424
-104.379 34.969 -12.9891
-108.956 53.5321 -31.9207
327.676 -295.833 191.447
368.562 424.749 60.2234
-152.667 -175.17 194.299
116.409 -175.387 -100.386
136.965 -177.855 -95.7619
358.053 317.102 -91.1002
337.83 312.072 -97.9234
346.476 297.312 -106.432
327.582 294.5 -106.109
-389.758 57.9265 -431.665
-388.834 75.4305 -426.656
-372.622 59.0451 -426.817
231.731 195.059 186.974
212.16 195.277 186.916
225.897 215.174 190.789
86.0346 153.92 92.3614
73.1185 138.324 95.2778
-354.165 4.01376 -360.257
-353.332 -16.1181 -366.351
164.963 -222.349 -130.86
179.441 -240.661 -145.23
-410.332 87.3767 -393.765
-177.396 -127.332 -226.949
-200.187 -128.141 -243.278
-188.658 -141.444 -244.912
-51.5545 -40.5367 -114.346
-36.542 -22.389 -106.027
-65.0785 -21.3602 -98.5397
-49.4666 -9.82585 -98.8174
332.415 -389.938 103.902
336.965 -386.515 127.35
209.724 178.726 -109.651
231.012 197.865 -117.679
229.214 176.828 -130.485
392.236 -340.824 -56.4332
405.922 -352.031 -49.7122
-310.723 189.511 306.406
-301.928 194.648 277.336
385.693 321.794 -91.411
373.158 310.804 -107.44
-249.246 -110.236 -246.344
-232.394 -114.954 -256.816
-87.034 -8.40328 -74.7388
-102.318 -22.2205 -67.3192
94.8611 100.617 -135.571
-311.243 -189.434 306.453
-294.382 -190.279 314.645
-296.951 -193.353 294.976
-296.615 -167.147 227.946
-299.907 -151.432 238.231
-191.389 159.429 261.534
-189.453 172.987 247.667
-173.165 159.677 240.504
-204 171.582 270.086
203.013 -238.216 -187.375
80.1857 -128.48 117.023
83.6934 -137.82 101.91
75.2857 -131.031 87.3788
-255.116 -167.442 189.256
-249.531 -144.307 182.108
364.056 -400.116 -114.922
328.084 341.585 89.453
335.052 326.129 93.9841
244.879 246.364 -109.505
240.047 262.857 -119.053
258.143 269.983 -116.177
337.65 -352.411 -76.5251
348.614 -338.838 -74.38
324.733 -349.812 -88.163
-294.293 -160.381 -346.153
-281.498 -132.692 -336.51
-296.418 -143.085 -351.827
239.394 231.797 108.055
223.327 224.278 104.672
226.188 243.616 110.863
246.086 248.382 109.502
14.8964 91.2307 68.8116
32.7454 103.566 66.9681
30.9529 89.1528 81.7723
265.334 -239.969 196.511
100.975 -61.67 -18.2238
111.189 -49.553 -28.2158
276.722 -344.229 139.444
394.094 340.495 63.0539
-151.709 156.935 -209.42
-139.272 134.021 -195.177
-157.237 128.659 -210.393
-240.195 141.486 -181.714
-238.335 162.524 -173.068
426.521 369.524 47.4036
432.244 373.088 29.5717
102.054 131.24 60.5382
126.04 132.051 62.7344
-96.6459 -118.124 72.7807
-122.136 -104.703 70.9634
-105.368 -104.826 64.0942
235.845 -190.505 127.754
245.983 -205.268 126.799
251.044 187.83 -170.345
254.519 205.717 -186.133
-180.335 173.457 229.273
-165.967 165.798 219.157
-263.15 -186.12 218.787
-282.95 -178.335 220.759
162.357 126.319 161.796
189.667 136.085 156.523
-132.39 124.534 202.58
-131.045 104.808 190.322
206.684 214.691 187.829
192.118 202.612 183.346
186.229 223.307 181.051
-318.319 -186.476 -299.02
-59.163 91.8462 -7.47065
-43.8195 96.9411 -0.449214
-366.55 124.096 406.906
-371.666 104.815 415.681
-386.202 114.11 407.536
237.956 -292.247 -150.756
-280.638 156.479 222.918
-265.846 152.685 209.145
-269.505 136.897 218.943
-272.087 198.863 247.357
327.484 312.927 184.339
317.613 339.416 187.081
-176.083 -175.068 -159.189
-179.74 -165.539 -136.269
-192.553 -171.254 -148.207
-54.8907 8.77685 -97.647
-70.7643 -2.93653 -88.339
-72.6171 20.3128 -96.5191
-416.592 73.3672 403.106
136.365 -192.559 146.966
174.532 223.379 125.081
-284.771 -113.632 -331.149
-278.78 -111.033 -303.497
46.2443 106.014 -71.3092
151.126 207.736 -161.106
-179.43 -156.84 236.561
-288.232 -137.948 -240.936
-313.443 -143.953 -254.082
-304.12 -129.678 -264.835
-322.127 -127.645 -275.733
336.17 289.543 119.044
358.246 293.183 124.129
348.551 302.344 107.926
-339.323 180.004 -341.311
-315.163 172.817 -344.865
-332.694 169.916 -354.707
-208.659 -177.928 266.804
-197.039 -158.672 254.864
-194.333 -181.087 248.498
-79.3246 -107.88 -48.8439
89.0167 -139.297 60.1507
-80.1853 -92.7826 138.291
-26.7472 -2.45841 102.376
-3.83328 2.0698 103.039
-426.302 -77.4939 -387.187
50.9843 120.881 65.8142
203.513 146.53 142.853
344.645 387.305 131.979
199.741 259.378 -178.23
-12.1011 -98.1076 45.8673
1.09824 -92.6171 57.3697
15.6888 -98.6756 48.0378
-160.088 -76.3216 -111.702
244.209 -184.743 -174.3
254.297 -204.091 -184.918
-332.927 78.3989 -389.436
-331.115 98.3306 -389.474
-318.4 88.2326 -374.293
-362.545 -60.2826 421.147
-359.033 -83.7666 415.487
175.972 219.307 -115.963
186.948 231.409 -123.732
173.89 227.028 -135.461
234.175 275.949 -133.212
218.105 269.536 -141.601
225.444 287.7 -154.442
-161.357 72.7847 112.454
-167.611 105.064 109.432
-156.489 82.5606 97.7014
-152.438 103.866 95.025
-342.648 -161.596 -370.954
47.8265 53.2183 107.393
31.7646 47.4461 102.621
-383.877 92.6707 -420.237
111.429 -56.3557 90.4586
362.114 384.204 144.463
-416.73 34.1434 -413.884
-413.275 66.5156 343.441
357.468 354.885 -170.619
-354.045 -63.6716 -341.719
78.6555 89.1825 18.5758
89.7342 102.008 37.33
68.4105 109.013 36.3712
391.122 -356.548 -135.176
285.808 -279.182 -115.633
19.729 103.969 12.4287
42.5767 99.7593 -2.63647
11.8896 103.185 -5.86363
36.2954 106.912 -20.7922
329.722 267.972 167.16
322.87 290.1 181.743
290.633 239.535 -189.846
274.963 231.668 -193.184
-314.751 -108.394 -306.865
-311.902 -116.379 -290.419
-332.218 -110.342 -301.081
-196.791 -191.074 206.443
-222.867 -192.974 217.92
-348.325 -94.9368 310.454
-322.079 -106.064 294.32
171.987 228.779 -172.934
106.913 -59.1255 -98.3712
-88.7524 -115.03 141.146
306.092 276.012 -112.14
329.952 278.439 -124.182
418.993 351.272 -62.8781
419.03 378.282 -73.6398
426.13 369.535 -56.2908
85.1278 -15.3713 -75.0617
95.5196 -20.5027 -61.7384
-357.203 7.39056 368.594
-301.65 -170.242 354.293
-309.181 -180.493 337.66
-289.441 -184.026 331.634
-401.9 -21.9264 -427.088
272.296 -215.881 -182.601
264.733 -200.872 -170.773
-97.6549 123.863 -149.759
-100.984 106.548 -156.079
-21.8808 102.131 10.1086
402.212 347.596 -39.4196
389.791 342.508 -52.5703
-225.202 188.731 184.806
-221.129 194.404 211.552
-246.732 187.214 197.043
-311.008 -145.498 377.185
-297.554 -145.431 365.893
192.533 -186.275 181.053
-58.2914 -11.1026 98.0896
-141.008 76.0638 80.5705
-149.972 65.8445 97.9988
182.799 -151.529 -84.4838
191.795 -174.173 -89.6739
208.231 242.382 120.686
194.256 231.262 120.271
-76.8198 -108.394 127.697
-328.119 141.855 -273.744
-332.101 121.745 -280.724
-311.665 140.896 -259.698
211.132 -271.397 -178.582
218.653 -279.009 -163.823
199.16 -261.813 -160.837
215.765 -268.463 -144.546
390.869 -423.397 -53.8783
317.521 323.561 -187.145
319.572 302.44 -193.779
324.787 377.507 -135.012
309.621 368.637 -139.06
-123.791 -139.961 -92.1067
-121.351 -149.22 -121.987
-105.386 -139.183 -103.654
-318.02 147.9 377.312
302.042 247.042 142.76
-293.492 -107.637 -314.1
-295.757 -111.841 -296.803
-330.411 -143.847 -264.962
-304.551 153.96 246.47
-170.864 117.806 219.019
-346.041 -46.2358 -406.593
324.828 -383.421 88.431
316.331 -367.083 88.968
337.394 364.041 70.6695
-364.469 -109.31 404.812
-17.2392 101.894 34.5649
-39.662 106.809 41.5602
-408.768 -42.9963 -354.645
298.121 239.589 -173.643
302.275 248.027 -151.045
4.53894 3.34858 -102.016
17.3287 16.2054 -102.16
-408.578 98.2184 383.133
-409.263 90.6284 399.535
-400.05 106.645 396.742
63.3752 -114.247 95.0211
-236.214 -178.508 -181.733
-257.744 -177.395 -197.758
-0.964896 102.589 9.64301
-232.947 178.004 -294.566
-280.839 111.739 302.257
-269.024 134.339 317.533
-280.995 122.029 321.129
-155.95 167.468 187.738
-140.583 157.04 181.321
331.513 276.756 -142.614
-122.3 -65.1235 -136.175
-115.15 -76.6782 -151.792
172.06 200.584 175.484
-82.4999 -113.584 -134.76
-76.4767 -115.033 -111.153
360.141 408.264 97.4498
-115.13 148.997 112.089
-129.685 137.494 92.1928
-135.611 156.794 114.79
129.016 -76.261 58.9922
116.67 -97.2538 49.8244
141.823 -93.0361 69.9156
-121.637 -66.8618 -62.7525
-134.112 -69.843 -77.3908
-129.714 -49.5051 -85.8247
-350.631 -32.4455 -375.403
10.0126 43.959 -97.4153
143.113 158.135 161.366
-221.343 -126.186 158.083
88.7238 -144.524 79.921
-261.029 154.245 -200.821
-265.948 173.548 -203.679
-253.16 168.726 -189.273
-274.862 159.964 -215.097
170.779 -134.054 -77.7678
181.543 -135.372 -91.9216
135.183 -67.4723 81.246
263.25 307.508 -132.265
264.566 291.841 -124.351
-190.384 125.471 133.494
318.867 276.667 -191.014
-110.237 36.1963 -29.4895
-119.57 126.259 188.249
97.7166 -145.044 135.123
-311.301 -173.123 -247.791
-303.749 -153.88 -239.46
401.955 -365.189 -121.561
410.968 -381.584 -110.431
413.138 -365.708 -95.6953
114.983 -86.3463 123.928
166.084 -192.936 -172.673
143.99 -206.409 -152.878
163.9 -214.475 -168.987
149.076 -182.354 -163.669
-186.335 -149.019 -131.477
60.5641 115.334 -83.7216
-212.507 -134.75 -259.03
398.86 -431.726 -4.4925
199.991 -257.104 -180.569
-196.209 181.501 -250.956
107.509 -82.837 -33.5388
129.262 -85.7021 -49.1548
265.329 -244.533 113.14
271.608 -264.889 112.001
254.423 -261.052 113.242
283.042 -252.439 117.08
-207.929 145.115 269.537
-201.704 133.798 254.183
32.6333 72.5027 94.0222
19.2268 57.8787 95.6904
-45.3107 99.5429 -21.1025
153.914 -101.519 -127.162
176.629 -206.016 -177.437
193.766 -147.176 160.926
208.498 -141.907 146.852
14.3925 39.8352 99.9334
224.833 -194.793 114.264
-318.388 -127.643 -375.315
-347.291 -136.49 -385.924
-326.143 -115.784 -385.731
-239.179 112.266 -217.76
-226.439 105.305 -227.95
-216.969 104.128 -206.79
-234.593 118.369 -201.751
196.297 142.91 -112.29
205.405 138.918 -129.92
171.949 -120.069 -94.5284
-65.0276 93.3575 -24.0236
-44.2819 105.867 -40.9645
-361.687 4.90846 -422.714
-347.295 55.7935 -400.654
372.143 -315.044 -136.975
356.141 -298.698 -152.739
322.69 -321.081 188.657
146.389 167.045 -76.0398
163.413 168.993 -82.0742
194.165 239.2 183.274
185.664 248.581 170.613
-266.982 197.865 265.46
-244.193 196.484 251.278
418.622 -367.12 -79.1291
426.167 -382.833 -77.4925
226.786 205.797 105.892
214.897 192.082 100.835
-20.5264 48.6072 103.911
-43.6013 57.692 116.685
225.621 -185.649 -115.887
212.22 -179.655 -102.843
223.267 -199.291 -105.117
350.397 400.211 -33.2581
-159.911 -146.198 120.958
-161.784 -162.436 141.232
-41.6478 -62.1516 -113.758
-95.4806 -103.05 -53.7806
313.336 263.316 -133.423
391.669 -415.073 -76.6684
411.706 -408.119 -72.7978
-359.538 -108.878 -302.325
-350.044 -121.573 -290.173
-367.779 -139.013 -307.884
-110.833 144.383 134.048
-180.179 180.465 159.232
-188.475 185.285 176.284
-172.025 178.179 184.141
-332.784 80.0394 -348.537
-343.584 84.7104 -333.92
-319.571 93.1908 -346.395
-322.65 98.5908 -327.919
335.66 -396.908 -103.868
359.33 -407.512 -98.6823
-82.1239 -77.3231 9.80435
104.384 -35.5745 -58.2238
298.957 260.031 -120.697
14.4381 -103.842 12.2024
38.3921 -101.904 8.213
29.9381 -107.149 30.4501
48.2726 -108.267 23.8129
183.608 -215.621 -112.399
208.82 -224.104 -107.297
204.483 -192.411 100.962
257.642 -199.626 179.882
271.223 -209.644 175.158
-424.5 5.47297 365.893
-423.806 33.0674 363.545
418.683 -357.293 14.1537
391.269 -351.323 19.2642
392.699 -351.722 1.57696
-107.755 19.7931 25.4159
254.533 191.522 165.656
242.918 185.74 177.339
-28.9084 46.466 -103.863
-23.8134 66.3316 -93.3433
98.0298 -164.899 -98.9059
101.707 -155.826 -82.7482
54.2075 101.831 20.5162
38.1093 110.321 33.1768
-214.99 -163 273.932
-223.892 -174.226 284.346
-225.551 -150.937 281.46
395.653 334.957 -68.7481
402.977 337.17 -90.5952
410.366 342.19 -75.346
206.101 268.017 -156.544
205.533 255.452 -137.952
309.396 -372.375 109.032
-110.303 31.2622 -46.3339
-98.6852 24.141 -69.1778
-287.187 -139.543 348.763
-305.833 -115.922 358.319
328.448 343.064 -88.064
313.552 365.362 -93.4521
310.164 344.322 -101.736
348.77 358.43 -43.1508
342.274 383.782 -37.4602
336.313 370.993 -50.3147
-235.502 -138.618 167.476
-241.001 -157.263 172.284
-337.753 147.247 276.144
252.981 308.698 179.197
258.593 290.749 197.468
241.827 294.775 187.759
-339.765 166.918 364.227
-349.171 171.458 333.347
-428.666 -41.0141 383.814
293.362 347.026 -161.878
-168.414 -118.514 -213.838
-264.799 128.197 -224.627
-268.457 116.771 -240.666
-277.686 184.042 220.465
-291.142 175.487 230.097
-331.252 183.167 309.544
-162.713 -71.8887 -129.697
343.176 325.953 177.277
102.696 -115.527 45.7994
118.637 -129.017 56.2533
-116.953 -158.3 138.625
357.362 -323.955 -81.762
378.017 -331.289 -61.8622
213.113 200.509 -103.785
211.413 223.254 -103.297
235.069 224.431 -107.714
136.131 -115.435 64.6804
-220.387 -192.525 -244.15
72.34 88.1795 -5.87953
64.3406 93.0759 9.04923
82.4971 79.0202 4.9368
-76.1127 117.573 60.7883
-96.5919 129.041 76.1853
-73.2521 120.98 78.7177
-267.354 111.44 -259.626
-290.247 119.912 -254.556
-121.844 99.6816 69.4525
-125.52 76.7051 65.4821
-137.909 -55.5924 -106.816
-274.415 -188.872 232.289
-205.166 165.535 -269.777
-200.053 147.099 -256.576
-417.686 -25.8089 357.649
-405.099 -36.8044 344.692
354.351 -405.751 -5.14456
350.54 -381.946 -1.81685
-228.883 -131.95 275.486
421.408 -410.175 -37.6697
220.38 -169.018 171.447
-236.592 -149.639 -290.447
-224.375 -162.085 -283.587
122.543 177.945 -126.923
170.083 130.003 -151.66
185.242 125.852 -143.366
158.801 117.879 -143.631
-142.328 -157.775 -190.382
227.776 177.355 179.626
-150.89 -73.1046 104.719
379.088 -379.657 145.372
389.266 -407.486 -96.7057
405.115 -399.988 -100.384
346.071 348.407 -67.8399
330.327 356.347 -74.715
245.572 185.115 -147.023
-7.52425 -101.676 22.3015
-31.3206 -103.905 26.5201
356.038 -312.286 -96.4108
330.868 -325.117 -96.2571
338.381 -308.848 -104.206
-385.018 82.8288 423.826
-392.149 65.7956 427.876
-361.461 56.6598 -347.108
-365.875 75.5585 -332.684
78.8027 106.537 118.617
91.694 96.0284 130.495
-364.825 -19.2773 -349
-386.379 -5.15497 -350.23
93.8646 69.4934 14.1059
-398.268 -24.9467 429.545
154.67 -120.181 78.655
157.956 -100.46 85.7298
123.918 158.178 -68.973
387.382 343.844 132.745
375.882 346.997 152.624
91.9786 66.0431 -7.68526
388.545 -345.776 -31.0387
376.358 -349.47 -4.97441
267.799 248.752 -112.587
-116.507 88.8786 -167.892
-100.426 75.6831 -152.739
-418.931 22.1835 428.43
-173.985 -79.1063 -142.737
311.781 -351.604 98.2339
42.8936 17.7943 -98.8789
107.081 19.7588 -28.459
418.952 -415.404 7.58527
1.0971 -20.7275 101.637
115.629 105.883 47.1815
140.376 113.285 57.926
-170.443 77.2835 141.113
87.3543 -136.5 -65.2649
40.4723 72.3794 -102.964
371.526 392.668 129.978
282.434 -326.486 -113.789
-2.43827 94.9483 -49.4512
16.808 93.8562 -59.9635
20.6681 101.361 -43.2995
0.19931 100.053 -29.4363
-413.925 39.3091 428.648
-413.804 56.3401 423.327
131.258 177.889 151.23
149.563 174.437 164.519
-342.928 -49.0261 411.964
108.748 85.8245 135.264
-413.465 -111.045 371.58
368.046 352.771 -12.7298
355.054 357.799 -26.7341
230.2 -283.774 184.177
230.281 -296.507 171.376
247.571 -297.268 184.267
417.902 -397.047 -86.7937
429.351 -392.886 -63.5774
422.053 -406.04 -54.7145
130.569 -184.097 -148.973
-401.174 89.1513 416.315
-407.259 72.9643 421.259
-277.668 -122.919 -252.271
-264.249 -122.665 -235.365
-358.548 159.667 360.317
-366.713 158.883 341.519
201.812 -201.886 -98.3536
-9.22522 -96.1586 -51.6453
-24.9645 -93.1538 -67.3112
-27.9264 -101.652 -45.7078
125.997 -172.82 157.771
115.986 -144.705 155.819
125.03 -66.5226 95.8567
-379.284 9.12588 428.566
-272.076 190.402 308.395
242.448 -270.284 192.671
227.411 -256.964 191.869
254.991 -255.045 196.491
240.029 -240.445 194.712
-32.5326 88.8567 82.9253
411.887 -420.102 34.0091
423.492 -403.744 33.2643
338.964 -301.586 -173.319
-342.297 -83.6352 -335.288
-360.368 -75.5138 -326.874
-341.397 -94.818 -320.544
-358.819 -93.0532 -314.493
-145.819 -150.979 200.242
403.872 415.327 62.7217
-380.373 139.699 -386.458
-372.899 126.742 -400.479
-347.689 -157.392 283.967
288.414 -250.862 -189.364
-155.044 -162.685 -210.933
-166.973 -160.351 -232.39
-190.083 -179.716 -243.035
-159.964 -126.831 103.56
107.76 -25.3254 23.255
106.228 -50.3293 25.276
397.103 340.659 -108.723
-264.439 124.089 -291.083
236.773 228.832 -193.47
259.471 222.067 -192.517
255.206 239.438 -196.078
238.58 211.709 -190.247
-316.144 194.436 -299.838
241.213 214.919 113.868
-257.096 189.005 -212.458
-277.061 179.176 -217.197
-247.463 183.598 -198.027
320.511 -304.727 -186.517
315.479 -328.735 -190.251
-185.952 166.8 141.435
-168.597 174.833 146.366
-50.9468 34.2863 -112.982
-68.6772 49.4524 -123.996
-68.5767 33.1352 -112.885
-383.165 -125.013 -328.628
-375.925 -113.781 -312.642
-390.959 47.1147 340.096
343.29 398.969 -76.5432
125.747 -152.374 65.9033
389.691 332.937 79.6429
-404.059 49.3009 -425.382
-240.82 -111.379 233.972
-266.728 193.681 292.01
379.882 -317.976 -110.455
365.232 -302.403 -113.222
-72.4454 -21.629 98.6178
358.551 351.138 169.517
-26.7692 -50.2432 -106.31
355.778 -353.019 47.7902
381.948 -346.15 45.715
258.378 -291.715 -197.297
338.565 392.732 115.811
158.257 -212.572 169.71
231.84 282.609 142.993
-319.091 134.254 270.536
-100.643 72.265 -33.927
-147.196 -68.8409 -95.6094
-137.89 -91.4329 -82.2599
435.752 -381.238 18.2684
430.737 -383.864 37.5043
429.598 -399.939 14.5688
39.9356 -75.4659 100.867
243.206 -284.631 133.328
247.304 -304.673 144.614
257.972 -316.499 175.216
9.73014 72.5673 86.1806
-244.644 132.643 -196.892
147.864 98.8527 -127.791
164.123 106.517 -130.164
-80.9535 97.1435 148.343
-262.177 115.492 228.799
-278.31 117.374 247.379
-275.2 126.436 232.773
336.801 -355.294 67.8483
95.6518 -150.381 107.121
-356.909 -141.04 -290.452
-236.996 106.902 208.984
-216.193 100.07 187.28
-231.6 113.594 186.234
-401.536 84.7417 332.095
-412.785 91.0301 354.819
-393.712 66.3108 334.543
-124.29 -126.372 -192.719
-141.756 -122.561 -203.368
-134.665 -142.039 -201.554
-149.23 -138.195 -215.846
-348.569 111.621 -398.091
260.173 321.443 -142.572
270.933 332.993 -165.216
280.022 346.772 -150.189
249.796 317.916 -157.994
-84.6621 120.202 -133.466
-67.4887 104.887 -115.54
-75.8176 122.844 -116.369
404.177 389.309 -103.881
411.255 394.205 -84.7936
354.633 298.995 -141.737
-112.59 40.9235 -70.9698
163.02 213.833 -174.534
350.248 317.371 93.3632
374.613 315.579 95.5201
-114.523 56.6233 -136.234
417.196 417.223 -9.4069
415.977 413.534 -39.0627
-308.58 -110.622 -370.39
-306.566 -133.45 -363.661
-293.316 -125.043 -350.971
-237.617 -113.403 -209.119
-138.047 97.4834 81.1898
191.095 196.333 -94.588
194.436 177.966 -98.3291
-347.534 157.639 -371.746
-361.471 147.179 -383.805
-344.191 132.088 -387.858
99.9 -68.9716 25.7206
-368.434 164.146 -339.002
-360.884 167.568 -358.622
-374.568 154.785 -368.806
437.243 387.985 18.7774
424.453 409.741 14.0062
191.019 -195.58 -182.673
370.149 330.59 -76.4015
-272.206 -179.623 -323.783
-288.073 -196.124 -288.927
-299.644 -194.562 -304.226
133.469 153.355 -163.899
129.802 172.827 -162.161
-129.241 157.787 135.909
90.5605 -89.6299 -28.182
70.2537 -103.351 -30.559
349.801 292.439 -124.604
2.65865 -101.591 -28.3119
-18.4013 -102.431 -26.8667
-186.517 105.474 129.683
-169.929 125.664 114.712
-257.382 136.335 -209.24
-252.699 114.341 -229.051
-141.444 -159.293 132.29
-80.6441 125.839 94.9351
-37.7589 -105.492 61.4498
-29.4537 -104.497 44.9315
-123.798 -85.3179 -68.5406
-123.096 60.0024 -54.4233
339.037 -355.986 170.335
332.209 -367.177 156.943
5.98431 101.975 31.3222
-4.68914 95.203 54.5658
-177.583 103.106 200.415
-376.46 18.6124 -351.733
-354.506 22.7692 -358.485
-358.599 40.5821 -353.906
-71.6952 16.5616 93.2755
-54.4343 9.27177 98.0002
-73.7285 36.3913 109.966
-155.11 159.698 -139.988
117.69 -100.88 -143.999
147.168 -105.23 -146.198
389.045 -333.079 -111.992
-278.022 125.775 -321.381
-277.493 121.773 -303.6
-303.291 110.076 -308.324
111.203 -179.823 -120.466
117.156 -174.134 -138.427
130.868 -199.09 -130.625
353.158 285.448 140.679
-96.9007 -57.4076 -127.342
-12.4043 -55.7746 -97.3483
-11.1718 -71.0333 -88.4155
-312.869 164.92 367.34
-46.4743 -82.3495 102.45
-58.7667 -72.204 119.948
-43.2658 -65.9824 108.211
-283.444 175.606 342.248
-323.161 157.32 -363.267
-306.756 158.034 -355.974
6.58816 64.9016 -88.6048
-8.95153 75.332 -81.694
266.262 269.697 112.288
-318.722 106.006 -298.773
178.997 124.307 141.189
-391.525 99.5016 323.869
-302.304 103.184 297.973
-324.219 107.423 299.285
246.96 -186.566 -154.972
-386.048 -29.2819 339.429
-179.918 180.796 -188.621
65.7971 49.6082 110.824
-163.352 161.928 -222.528
-174.615 153.234 -234.153
-280.105 -194.283 303.144
-307.95 115.602 279.282
342.905 345.097 178.889
128.684 -142.591 -153.401
-278.112 -161.063 -332.351
377.165 341.993 -150.814
372.129 355.611 -160.835
380.739 365.765 -149.26
22.755 -103.861 -12.2489
347.564 -380.136 15.4421
-281.899 196.569 279.004
-290.169 196.28 251.96
-294.444 -186.511 -249.847
-198.765 -131.479 -143.321
-202.311 -110.188 -155.008
-37.8467 23.6864 -107.674
-28.8524 -69.2629 -98.7697
-351.393 70.6704 -343.205
400.883 372.471 -114.364
-203.472 106.267 -173.958
-180.463 90.2378 -176.302
-26.4296 98.8963 -58.3979
-12.6148 88.4916 -67.053
68.0701 -74.6054 117.96
-399.033 49.6385 430.586
29.995 92.6488 -73.1377
361.771 353.154 4.7971
300.614 264.516 128.326
226.627 -289.401 155.185
-312.763 -122.034 275.865
-331.271 -119.737 288.575
132.214 97.4953 51.1815
140.326 87.1085 64.8828
-269.636 -112.072 262.896
-261.686 -112.557 282.166
-250.57 -124.561 288.884
53.6769 83.3288 -110.728
193.758 -175.153 -181.261
214.803 -186.503 -185.558
-35.6536 -85.8245 -88.6502
356.872 -317.042 91.33
311.699 -282.027 110.57
281.948 -279.153 113.091
113.263 172.287 134.549
124.244 66.6491 72.3903
122.088 68.8856 93.1607
135.375 78.7821 80.4425
-117.246 -37.4424 -72.4226
-117.013 -49.9068 -54.3899
363.163 -338.561 69.5335
-112.411 -30.3738 -51.791
-300.153 129.675 257.539
-286.812 138.737 237.129
-251.604 121.144 277.924
-112.684 47.2466 107.933
271.255 -329.415 169.606
277.001 228.265 186.701
104.744 -157.2 80.8969
106.462 -148.359 63.165
280.863 253.577 192.36
-384.281 -150.905 331.84
-376.18 -148.548 316.609
153.072 -116.232 -65.5926
147.927 -198.067 168.176
153.375 -211.384 150.744
223.277 170.988 132.417
217.337 175.574 113.109
415.285 -359.081 -34.8551
406.053 -354.745 -9.71828
135.216 -80.3235 -95.2257
373.7 324.038 75.547
-243.444 -193.214 227.087
-241.904 -184.267 203.974
278.212 -232.563 134.754
291.917 -238.448 148.869
-64.4532 -34.3017 115.129
216.304 -160.797 -138.09
68.435 -111.457 -105.757
390.063 -381.955 131.869
268.364 -336.66 153.426
303.256 -351.881 -163.214
164.986 -149.148 -170.384
149.849 -161.903 -165.013
-425.782 43.8626 379.983
-193.072 94.04 183.147
22.4694 104.562 47.7965
2.04865 24.649 101.784
-0.00338051 52.7387 96.087
-76.3929 -43.0265 -113.461
362.321 -295.91 -132.921
-85.9016 -126.328 -96.7392
-212.94 148.873 -270.323
100.269 47.6377 -10.8688
286.566 240.925 136.661
-281.819 190.07 -231.217
-282.654 197.737 -253.478
-257.33 196.018 -237.452
-261.185 196.646 -263.118
103.237 28.4572 -6.26636
-437.702 -13.323 -382.625
147.476 172.107 -171.612
-190.993 -180.777 -175.036
58.8753 -94.9805 -7.27101
79.393 -85.4448 13.078
77.9084 -86.9562 -14.2229
260.475 -210.699 -138.624
278.131 -218.184 -152.051
259.6 -199.699 -153.236
224.347 -263.443 -127.018
109.031 84.5736 -41.1496
300.246 -289.155 -115.25
-130.393 60.3182 -108.097
-321.783 187.635 -275.965
201.588 -261.212 152.624
410.717 -348.728 40.9841
323.986 381.604 -85.9754
328.031 373.612 -67.3115
-187.149 -161.045 -251.781
281.57 -336.565 -132.464
330.475 -376.909 141.526
149.169 133.212 66.7676
-379.863 148.162 335.52
96.8809 62.2608 114.515
-290.999 117.493 -330.344
-284.562 126.088 -344.558
-303.304 107.059 -347.94
229.907 -171.725 -171.071
213.068 -154.719 -154.624
246.776 297.473 -139.764
237.752 303.385 -156.68
276.154 334.025 -131.143
210.01 233.769 189.597
425.168 -369.931 59.0622
-53.8803 92.4364 -103.393
403.663 -429.509 18.3013
380.315 -436.469 24.9198
-395.627 -80.6457 -339.339
135.485 -192.08 -111.271
-136.085 93.2978 -182.592
-157.961 82.7263 -179.379
-138.356 75.2786 -167.874
-161.947 81.0547 -161.987
205.11 159.088 110.308
210.546 157.335 128.901
-308.807 105.125 -369.925
286.512 246.059 -126.119
-146.772 -62.8853 -122.804
-140.322 -147.072 115.748
-120.193 -148.376 113.555
-63.5676 50.6324 123.924
-328.408 -186.262 293.493
-110.509 -99.7469 -62.2633
260.847 -323.68 143.545
252.631 -321.267 159.032
-198.385 -155.709 -142.404
-114.69 47.611 -93.2765
-131.853 61.0546 -84.826
184.319 162.167 -95.0794
165.067 186.525 -86.5342
391.389 377.751 -131.283
-397.687 13.4319 -352.343
188.737 -132.721 -135.496
270.831 -325.347 -168.934
324.694 388.746 104.88
-49.2723 90.0221 101.478
-68.5548 107.256 111.757
129.405 122.243 -149.765
124.023 137.33 -156.854
-336.659 -141.276 279.775
390.556 351.672 -129.54
327.444 341.601 -178.6
273.954 299.348 197.696
153.21 148.871 74.0842
371.562 343.501 -57.0206
-131.321 -92.9598 184.429
-151.115 -88.6929 190.59
-148.811 -77.6098 165.019
-233.234 196.026 233.657
-208.566 189.526 224.427
210.94 -224.408 190.214
97.3619 74.1958 -25.6345
-353.288 -12.5927 374.146
430.077 -363.941 35.3384
432.072 -367.366 7.13212
-326.348 104.061 381.826
-324.644 80.9569 373.783
144.739 -90.5973 -71.4603
157.757 -104.201 -84.5313
-45.7248 -105.222 -60.4781
-236.427 -182.301 -293.462
-226.497 -189.465 -277.242
285.01 266.799 120.079
291.105 -303.144 -109.885
387.462 -419.637 93.1557
401.114 -406.437 96.6583
371.493 323.525 -145.519
-132.173 67.0509 -68.0457
118.382 57.3348 57.6618
83.4809 137.564 -101.939
105.902 -34.9514 -15.1737
99.4049 -45.5442 0.771659
-140.231 153.516 -128.679
89.6206 76.2424 125.814
41.6685 -85.1648 -92.5941
409.273 -391.909 91.2179
418.89 -378.955 73.7342
-374.876 136.131 305.791
-384.108 140.23 320.142
278.159 214.945 158.22
-111.897 -141.603 -140.49
429.965 -367.5 -10.9111
-415.378 -27.4714 -416.771
-412.812 -9.05897 -421.175
238.915 -200.936 186.522
136.342 -185.689 100.936
-407.602 -105.494 353.944
249.932 281.781 -126.916
386.845 -338.76 -128.644
-324.301 122.599 283.672
-299.883 -102.617 305.837
-284.563 -108.358 299.036
332.238 -341.221 179.663
161.943 -188.692 177.884
422.723 354.707 -41.6528
422.063 357.22 -23.7008
336.648 -286.666 173.5
98.3352 115.404 49.1746
419.495 389.228 92.4495
-414.199 8.74438 -420.332
-424.941 -14.4344 -409.193
153.279 218.116 136.425
137.236 88.8759 -65.8566
144.118 77.2455 -81.7623
359.033 426.618 35.6063
318.635 321.783 -102.17
346.973 333.582 -83.2059
367.74 432.996 17.6688
381.749 -437.682 5.17164
366.152 -427.753 14.1058
-237.706 139.339 -286.556
-253.6 138.615 -304.739
-243.486 158.02 -310.75
-261.259 180.54 -311.672
-248.942 183.457 -299.576
-291.672 108.158 319.96
-236.234 -114.54 216.664
-236.876 -124.717 190.689
-252.544 -126.796 212.227
36.9887 103.897 16.6485
207.394 256.405 186.463
97.3636 4.41328 50.0971
147.446 195.924 -107.501
-354.531 -51.4966 -422.714
397.782 388.892 122.787
5.71286 84.1052 -71.3973
25.2316 76.6662 -87.5903
196.295 148.511 169.903
-205.677 -177.114 -162.04
-81.4999 -85.3378 -148.337
327.487 302.716 109.77
-330.448 145.434 -374.6
209.598 -209.834 -188.113
317.175 -293.782 -115.029
-299.785 -188.192 -334.289
-288.35 -174.812 -337.431
91.0932 -67.9039 8.14004
-92.9654 -80.1568 33.0026
3.52716 -102.756 -5.14976
84.0182 49.9337 106.87
-230.59 -188.152 -198.988
-338.624 -61.4019 -397.756
157.548 -107.019 133.552
-192.232 183.324 217.936
-176.635 177.3 204.849
-338.882 46.3624 -368.151
-335.546 58.9789 -385.365
101.278 31.932 -68.6075
235.071 -235.416 -107.176
251.973 -216.269 -123.644
238.56 -214.687 -111.59
191.528 216.153 -101.976
-173.072 81.2454 123.77
113.394 -71.1145 41.8401
-292.567 -192.118 -270.647
345.339 -294.406 -115.491
364.993 330.628 -165.599
349.301 337.406 -179.873
339.241 318.915 -186.959
-354.955 127.531 -296.711
-345.453 142.769 -289.781
-291.529 -108.463 282.745
132.283 -161.107 -154.457
278.215 -333.038 -154.667
289.281 -340.44 -167.655
-345.865 7.49683 383.414
260.824 314.316 145.924
384.706 -330.874 73.9753
-262.713 -132.592 308.16
-269.85 -118.115 300.529
423.554 392.825 -51.3941
431.98 373.898 -36.9349
428.916 396.296 -27.078
238.248 -216.855 112.122
55.2477 113.699 -33.8628
57.4976 101.037 -16.6361
146.859 182.894 -85.7331
120.69 168.623 -83.5093
-336.318 97.6041 -314.054
-365.745 92.249 -315.261
-132.639 -59.6514 74.578
140.385 93.1914 131.12
-333.332 -81.0283 338.151
-338.875 -83.3477 320.917
326.929 -379.938 -130.022
207.571 158.346 -166.543
198.438 136.461 -148.764
429.964 367.579 11.4639
434.533 393.652 -3.20984
432.647 367.445 -13.0957
302.216 272.156 -197.212
-323.787 -100.559 -320.983
-218.664 -126.892 -168.055
23.0924 -23.7038 -102.951
117.451 60.2327 39.5297
121.269 78.9958 41.897
101.768 83.5826 30.5266
18.0268 -27.649 102.546
115.696 -96.053 -42.9311
-355.493 25.6663 365.238
-143.931 -91.9287 76.2008
335.805 381.084 66.7417
-201.792 99.5088 197.526
126.434 -172.886 85.2336
174.122 -126.575 -157.522
159.184 -116.607 -154.01
246.069 301.532 154.942
100.699 162.848 122.913
28.7518 -67.3161 -94.8247
-390.589 -106.288 -333.96
-301.946 102.003 335.383
108.384 -32.343 -35.0662
-274.115 -174.175 -210.196
81.9589 -102.318 131.912
-249.258 111.969 -255.465
-239.666 108.137 -240.026
-72.783 -95.8571 -137.244
18.0406 16.9234 102.881
-33.0093 -80.7102 91.1643
-344.946 -47.0148 -387.677
327.108 387.168 80.7335
368.901 -326.189 81.4035
-84.5047 100.597 44.5598
169.186 -170.956 174.482
318.875 -382.594 -95.6098
287.746 354.267 -130.632
-403.376 110.553 370.973
120.836 173.581 -145.379
-110.219 -44.1385 -39.319
-156.61 -108.902 90.9231
-142.53 -119.536 90.4866
352.839 361.383 -9.65628
-225.55 162.252 -291.768
18.0735 103.976 -24.7796
293.28 334.383 -174.321
-284.197 193.171 235.138
-276.328 -188.701 319.993
-202.703 164.276 151.537
148.768 192.106 162.4
-158.147 -100.215 -103.089
-29.8906 -50.9593 104.724
-123.015 111.939 -177.285
-90.2005 -126.271 -120.811
-412.525 44.4926 343.801
34.4288 -19.6095 101.247
23.5154 0.134143 100.695
-340.704 -133.214 -277.641
237.425 -238.324 107.721
188.756 150.736 90.5931
302.576 -264.189 118.885
173.986 -172.686 -175.81
-306.028 -129.038 373.228
-319.665 -133.693 386.893
111.345 -56.065 -81.3111
121.701 -67.8521 -89.9053
101.3 -131.862 146.424
69.6908 -130.451 -62.6562
-337.056 72.9592 393.363
186.626 -244.03 177.368
-208.106 -136.273 259.786
170.891 218.348 173.14
156.96 216.642 161.939
44.5754 -3.55839 96.4188
-375.541 -131.148 316.662
-93.9258 34.7128 -97.4735
-235.78 130.033 275.572
-152.79 142.347 -115.153
187.985 241.75 -140.815
-239.067 108.328 233.659
-90.9375 126.873 -86.4396
-389.086 -49.3444 335.591
202.139 174.947 95.2249
-344.127 155.906 381.45
281.144 327.855 116.067
397.64 405.585 -103.725
169.592 126.964 -90.474
321.622 -297.388 105.704
196.902 -140.889 -153.405
-260.717 -179.634 321.844
-265.155 -198.154 276.081
-281.24 -196.193 285.146
268.393 -213.001 148.666
285.218 -225.857 163.643
-365.979 -109.953 313.845
-148.778 -176.285 175.268
395.61 -423.908 76.1776
-290.521 -129.688 251.072
-295.416 -119.603 267.123
242.051 211.706 -117.852
209.211 -162.377 -176.291
-66.7088 -91.2124 122.084
-201.096 189.529 190.62
-279.425 -192.931 248.879
-126.209 51.4141 66.696
-106.606 32.6181 81.9686
145.661 -174.416 171.396
-277.29 149.041 -345.12
-291.172 162.153 -345.719
-140.201 156.465 -195.292
-223.974 123.132 255.691
305.329 370.107 -118.362
122.818 189.775 134.117
-260.734 175.17 324.906
-375.085 60.4362 339.587
285.697 341.459 128.833
292.696 344.138 111.153
190.699 -148.835 -172.18
356.672 -299.347 110.956
-107.403 -31.3686 -27.6759
217.535 -241.499 191.365
346.259 -292.784 154.61
317.642 366.785 90.0226
239.45 178.67 157.713
297.305 -349.72 -107.933
306.739 -363.553 -102.319
-103.949 26.042 5.87043
147.619 -211.162 -129.83
-273.168 -174.334 335.708
-91.8658 67.3269 143.21
165.143 -231.832 -154.452
-305.66 108.067 -326.662
-337.794 49.718 367.359
-23.0742 94.7083 64.6679
-131.45 53.0779 106.644
-121.795 43.9933 89.8181
-138.332 56.0919 88.4389
-418.776 30.2813 -354.275
-266.894 171.413 -325.509
-418.795 11.6756 -357.741
-350.983 70.5185 340.007
299.889 254.467 -192.999
80.8367 -85.3931 125.235
114.087 -139.414 -143.507
-281.01 -195.731 267.018
-388.165 134.953 357.796
-398.975 120.882 353.32
59.6566 -98.4831 109.841
-263.646 -197.15 257.39
-164.276 -86.0033 105.292
-306.696 -141.143 254.032
-296.82 -193.604 276.233
-320.932 -94.4824 356.983
362.896 -427.04 -6.26226
-349.628 -119.602 -394.926
-99.9496 139.038 97.179
199.307 161.498 -107.447
310.122 251.774 177.295
-260.456 151.904 321.959
202.766 265.811 167.194
216.19 273.192 153.05
229.941 288.999 164.565
56.2006 -19.2922 95.3218
-107.144 38.2692 25.8719
263.743 204.595 151.512
272.175 221.084 141.296
254.817 207.271 135.138
-373.299 -59.0722 -331.951
-131.404 -125.794 -85.4359
135.813 203.55 140.336
94.9994 84.2638 -125.168
248.892 -197.053 -139.131
-232.565 -135.551 -278.761
-14.9509 -73.7727 85.7456
158.744 108.645 140.11
-129.937 157.566 -179.786
248.146 192.508 144.756
261.422 -280.445 120.213
-209.509 113.853 -238.319
314.276 -376.844 -112.323
353.506 -406.125 91.786
-194.034 95.5992 -197.874
338.752 -395.398 87.0009
347.815 -402.694 66.2275
-163.208 141.231 233.132
-220.079 -116.213 178.272
319.749 -269.127 131.184
369.112 -416.441 91.3754
-9.4566 -86.1722 70.9245
-164.096 -141.561 -228.017
-403.082 108.702 336.813
153.061 -220.424 -144.897
297.239 352.96 -113.59
-238.384 176.558 -183.723
-229.439 185.109 -196.265
184.517 154.685 -166.88
-110.459 -127.995 -175.433
-140.127 -75.3129 72.0593
-155.287 -84.0136 88.9102
-215.074 -144.181 146.456
-167.792 -90.9968 195.358
68.1276 29.351 -93.9617
-101.654 116.689 -75.7397
71.0579 -111.441 118.706
240.317 -268.754 123.337
269.092 273.51 197.574
129.672 74.7547 57.2514
-161.118 -174.109 160.386
338.693 -284.518 123.411
84.757 83.1062 -17.234
-346.975 57.0962 352.632
-390.772 134.47 339.689
89.0629 -72.9157 -9.57714
-16.7634 -101.426 -2.3475
-247.359 -197.729 248.809
-138.747 118.13 88.0708
-39.4524 -103.473 -25.4216
-57.4686 -106.977 -40.1562
262.405 -317.658 -155.256
101.231 166.432 97.9392
204.509 258.587 143.832
-247.214 121.479 -271.29
319.708 251.342 158.178
236.608 -219.909 192.106
-150.074 -86.5726 -94.5757
278.214 250.832 124.025
-256.558 123.693 211.536
-245.046 126.067 195.453
-88.9405 28.0347 91.8661
-409.719 -3.45751 345.711
-420.036 18.3367 354.967
408.774 418.656 -54.7892
254.499 -228.234 116.112
-387.608 109.954 -325.49
411.843 407.304 -68.4692
-339.398 64.0033 -355.694
-203.083 180.514 162.726
-79.3857 79.6663 147.042
-291.475 158.763 354.561
-286.77 -140.104 234.826
-260.833 145.018 -325.274
-69.8945 122.853 -97.8635
9.59966 -101.572 30.356
282.743 266.551 -111.956
-248.05 113.457 257.525
432.143 -373.49 -32.3047
-368.937 126.101 -309.864
-379.953 126.065 -323.975
391.227 338.748 115.978
-330.065 63.2286 378.463
-245.001 192.573 -273.061
-359.968 49.4842 -416.08
429.587 -376.668 -57.1155
-216.881 -148.668 -271.783
416.139 -360.863 -62.9678
352.39 -295.292 134.846
-208.053 -184.001 -262.89
-215.493 -175.655 -276.573
298.706 -333.756 176.54
339.513 -293.785 107.596
167.583 204.481 -100.594
-361.816 -139.099 302.261
-349.338 109.122 -296.404
-118.748 -109.696 -182.754
-232.368 -195.195 -259.437
53.3144 -81.8027 110.887
-326.693 69.9332 -370.56
-72.3509 66.8016 136.664
93.1032 -103.535 36.6807
93.5007 -87.2256 29.4109
-252.618 153.319 195.608
348.715 -361.681 32.333
-162.64 -84.2265 173.409
-167.492 -84.9595 150.189
180.3 142.678 -96.5108
-56.0275 78.3213 122.149
-93.3797 40.8413 107.056
-288.402 -193.844 -319.833
-203.169 -160.606 -265.079
-83.9613 12.5213 -80.4201
-28.7292 -92.5425 74.7773
309.337 336.207 99.3687
-342.173 -177.576 286.553
262.502 244.596 116.831
-104.956 -138.415 -122.854
-374.185 111.226 -409.998
-391.924 107.025 -409.171
-183.268 -94.98 151.435
-158.423 -101.383 205.871
-112.849 134.624 84.072
312.275 374.922 105.875
79.6663 93.4602 -128.563
-212.206 -186.138 -190.026
-339.017 161.993 -285.855
154.234 -201.639 -112.725
410.755 387.108 108.738
209.841 174.646 182.291
-309.591 101.002 353.324
-40.4846 73.7896 106.719
-273.024 156.577 336.85
109.438 177.984 114.145
131.589 100.753 146.026
-368.617 -1.6709 -350.934
271.705 234.702 129.276
258.452 222.925 125.306
304.802 356.885 101.681
-395.177 121.923 327.745
-382.928 93.853 -319.561
-278.574 -158.155 344.892
-365.605 108.223 -305.56
315.811 -335.001 180.411
-154.509 -98.8146 -186.599
-352.605 156.529 285.49
228.081 236.317 193.336
318.85 -254.682 -147.917
-380.619 -88.0411 -322.48
241.986 -309.486 166.849
-68.6885 94.7181 130.038
260.601 -217.483 131.283
-272.522 135.884 -334.586
-401.113 -19.1566 341.857
120.18 -127.675 152.247
