2.226291 -1.522080 -1.122100
-2.304557 2.195228 0.253384
1.078128 -0.846534 0.007182
0.204302 -0.799516 2.418681
-0.455635 -0.465045 1.239020
1.038985 -1.146636 -0.368467
-0.749368 0.477165 -2.416997
1.363535 -1.630569 1.880454
0.480983 -0.979617 -1.105846
-1.219861 -2.461712 1.157422
0.376890 -1.213016 1.004041
-0.270127 2.404874 -1.245739
0.467419 -0.352214 0.963346
-1.970628 -2.462794 -1.752490
-0.822620 1.174738 1.223962
-0.298996 0.165398 1.234202
-2.247029 -1.724083 -1.376008
-1.668515 -0.384340 0.935764
0.381972 0.967402 1.003615
-0.089422 1.602599 -2.481514
-1.340415 0.609164 1.118535
-2.172079 2.291370 -1.483145
2.461638 2.041941 -0.479390
-1.310181 1.849090 1.117947
-1.901406 -0.296876 0.775178
2.385863 1.197244 -0.744876
0.941835 2.044050 -0.670657
-2.170276 -1.409540 -1.509045
0.892399 1.750374 -2.277734
1.987521 2.310747 -1.494191
0.606399 -1.575068 0.845109
-1.706783 -2.149099 -1.966074
0.809055 0.510187 0.618186
0.376634 -0.879359 1.007517
-0.891707 1.035556 1.229703
-1.829658 0.936094 0.826236
-0.194261 0.407458 2.467474
-1.058647 0.661316 1.186340
0.619095 0.343704 -1.005229
-2.006048 2.249436 0.668506
-2.500000 -1.973251 -0.518924
1.367343 -2.424523 -2.050715
2.295157 0.413302 -0.954478
-1.377114 -1.448816 1.096029
0.885103 -0.651696 0.514851
-0.229263 -0.016497 2.466483
2.449460 -2.321913 -0.397908
1.031930 1.526960 2.080716
2.461899 0.464104 -0.415116
-2.453156 1.523605 -0.808062
1.055619 1.922829 -0.355246
-0.304015 -0.375493 1.244858
0.935708 -2.150921 2.151673
1.030819 -2.142070 -0.398637
-2.493411 2.436035 -0.633460
-2.441077 0.182438 -0.935199
-2.492290 -1.330337 -0.278618
-1.596219 1.556325 0.986550
-1.531487 -0.655960 1.019903
0.556693 0.153394 2.306412
-2.473434 0.240035 -0.493732
-2.343597 0.912107 -1.171670
0.692922 -2.127587 0.741604
0.493395 0.203577 -1.086916
-0.320520 1.392748 2.478108
0.890262 1.243067 -0.720252
-0.165502 2.140940 1.199761
2.037703 -1.364195 -1.419156
-2.484539 1.194275 -0.702369
2.244151 2.397814 -1.082856
2.248617 1.186577 -1.076358
2.397306 -1.992418 0.449294
-0.806195 1.710767 -2.401891
0.067122 0.313235 1.147442
2.368804 -1.803873 0.580105
0.950493 1.706216 -2.273197
1.004113 -1.175660 -2.257255
-2.474307 -1.565666 -0.760400
-1.699596 2.014313 -1.956897
-2.474253 -2.429506 -0.223226
1.000986 -1.538537 -0.518447
2.429254 -0.236669 -0.575093
2.196395 -1.435284 0.991902
-2.400887 -2.086787 -1.056234
0.592978 1.431933 0.852504
0.077832 -2.051807 -1.227736
0.151061 -0.271830 -1.220353
2.189443 -0.372927 -1.220377
0.981096 0.180307 0.356452
-1.503036 0.794472 -2.106669
2.433940 -2.334432 0.365451
2.076299 2.138309 -1.370531
-0.250705 -0.940450 1.238752
0.977647 0.444228 -0.562627
1.911129 -1.487098 -1.581516
0.895338 -0.154320 -0.713444
2.470838 -1.020010 -0.149699
-1.031803 2.316656 1.208556
0.092700 -0.719958 -1.230521
0.222003 0.312601 2.397810
1.069092 2.499366 -0.097402
1.971644 -0.396686 -1.504764
-1.306235 2.460805 -2.222701
1.056310 0.815823 0.002296
1.098811 -0.289326 2.067225
-2.158021 0.771523 0.506319
-2.414749 -0.652652 0.010549
1.255057 -0.760256 -2.123822
0.985241 -0.785461 0.349558
0.995402 0.102195 0.306571
1.886423 0.595497 -1.609977
-0.662745 -1.971191 1.248787
-1.819730 2.183379 0.835854
0.938125 2.369975 -2.283675
2.470984 -0.090888 -0.182977
-1.870920 2.158873 -1.844559
1.069777 0.899863 -0.190179
0.452847 2.361965 0.950955
1.075363 0.312061 -0.084853
-0.672221 -0.651984 -2.428908
2.349054 -2.132984 -0.827082
-2.103754 0.927550 -1.563720
-0.180148 0.003504 -2.487228
0.603989 1.832455 -1.018517
0.319491 1.455669 1.042341
-2.371654 -2.085855 0.116263
0.653144 1.870152 0.782496
-0.854140 1.030550 -2.397762
2.344628 -1.749213 -0.858627
0.429584 2.426323 0.971134
1.592131 1.536354 -1.884851
-0.250239 0.640127 2.478146
2.040267 -1.013212 1.227681
1.167088 -1.124667 2.042185
0.580857 -0.324263 -1.033501
1.079493 -1.245827 0.134677
0.979340 2.009204 -0.569385
-1.967456 -0.560917 0.698435
0.455126 2.259840 -1.088914
-1.124922 -0.880724 1.182807
-0.790143 0.021008 -2.397641
-0.010556 1.319290 -2.484658
0.859821 2.100381 -0.764431
0.628717 2.033715 0.811909
2.017571 1.694864 -1.461822
2.470329 -1.637789 0.106130
-2.121735 0.003654 -1.554041
0.842440 2.121162 0.591576
1.587507 1.338006 1.735503
-1.326505 -2.283879 -2.206440
0.128221 0.570354 -1.220982
-0.983915 1.607500 1.216360
0.764245 -2.082768 -2.326566
1.525830 -0.686463 1.786057
-0.201209 0.823429 -1.244688
0.397653 0.113868 0.999293
0.819689 1.930102 2.202709
0.507748 -0.370870 0.905599
-0.872159 0.768245 1.225810
0.707722 -1.353916 0.738169
0.755475 2.379111 -0.891470
0.821470 0.343909 -0.818118
1.062363 -2.448259 -0.313748
0.825911 -0.864983 0.600172
0.825423 -0.590207 -0.794111
1.085017 -1.090485 -0.136674
0.596895 2.390949 0.851908
0.394601 -2.459684 -1.140238
-0.202648 -0.227393 -1.247146
0.828048 -0.017416 -0.804879
1.057385 1.092746 -0.267794
-0.835614 -1.227255 1.235213
0.697242 -1.832458 2.258451
1.435111 -0.348436 -2.003997
1.508441 1.278419 1.762825
0.157904 1.841826 1.110957
1.027874 1.988628 0.114654
0.477799 -0.290836 -1.097061
-0.242335 1.913824 -1.243822
2.452429 1.786455 -0.466772
2.482279 0.853689 -0.019411
-1.167910 -0.761375 1.167990
-1.835099 -1.523050 0.816096
-1.889763 -1.886253 0.766861
1.067812 1.579158 -0.342345
2.350208 1.030877 -0.848820
-1.783588 1.935443 -1.918126
-1.802109 1.005436 -1.888352
0.491987 0.135818 0.919942
0.846139 -0.042094 0.559701
-2.305608 -1.762159 0.235607
0.435981 1.100611 0.960088
0.583098 -2.025326 -1.041860
-1.084293 1.083179 -2.307665
2.428763 -1.687544 -0.613792
2.291647 0.147429 -0.965246
1.082782 1.066597 -0.238648
1.039233 -0.767485 -0.374424
0.069363 -2.156434 -2.474779
-0.068994 1.352269 -2.483436
-1.650814 -1.866371 -2.024479
-0.508082 -1.894344 1.265356
0.596727 -1.582163 2.268953
0.480378 0.371975 -1.095752
-0.208941 -0.084010 1.212744
0.014888 0.233848 1.163073
0.605063 -2.259347 2.285373
-1.707906 -1.098832 0.905976
1.871192 -1.211014 -1.617787
-0.261008 1.613084 1.228112
0.602048 -1.243883 -1.016474
1.080632 -1.977345 -0.149011
-2.006998 2.472828 -1.684661
0.151896 1.643543 -1.209318
-2.471179 -2.255664 -0.716781
0.521058 0.661270 0.921565
0.851074 1.216894 -2.306802
0.969509 1.669220 0.389590
0.217433 1.885722 -1.197084
-2.169651 -2.186859 -1.507283
-0.821432 -0.679611 1.235152
2.004021 0.946077 -1.487011
1.059752 -0.375917 2.070091
1.038291 -0.731762 -0.485326
-0.284531 1.158342 -2.481557
0.097299 -2.134029 -1.235576
-2.174749 0.510401 0.456655
1.077230 0.688706 0.106675
-2.003314 0.753905 0.676070
-2.481390 0.314413 -0.235326
2.481842 0.409271 -0.308747
-2.136882 0.316980 -1.526504
-1.179674 1.686650 1.171646
2.282228 -1.632214 0.822849
2.164521 -0.747026 1.041222
-0.773720 -0.080741 1.255825
-0.109743 -1.820260 -1.257633
1.617926 1.116738 -1.877483
1.085991 1.322276 -0.051402
-2.378796 0.765245 -1.089998
0.673069 -2.239402 -0.955727
-0.487772 -0.780708 1.252751
-1.948911 0.711883 0.702295
-0.206456 -1.278236 -1.261365
0.498133 1.566678 -1.092307
2.010959 1.999874 -1.471273
0.791957 0.834119 0.660287
2.026128 1.494583 1.251159
1.648083 0.197574 -1.842324
2.438143 1.348486 0.245452
0.768426 -0.839632 -0.871007
2.209809 1.871912 -1.187775
2.360293 -1.605973 0.588599
-1.739453 -0.488064 -1.957528
0.319208 2.234513 -1.162130
2.194197 2.064879 0.982614
-2.146846 2.305091 0.511935
-0.319487 -1.971578 1.244325
-0.501350 0.487786 -2.466716
-0.521819 1.481902 1.260736
-2.169332 -1.430035 -1.498481
-0.057789 2.406767 -2.485043
0.275981 1.645844 1.051161
1.897032 0.128101 1.430874
2.091340 -0.176901 -1.373604
1.520831 -0.648299 1.795383
2.329814 1.113178 -0.909454
-1.508884 0.277705 -2.108036
0.195059 -2.109461 -1.205107
-1.775553 -0.093869 -1.919648
2.160883 1.622920 -1.242587
-2.472128 2.309305 -0.375364
-2.426257 -0.844545 -0.952174
1.062144 -1.473293 -0.095014
2.458266 0.643402 0.260536
-2.458127 -0.516684 -0.150233
0.882543 -1.686663 -0.763735
0.597614 1.500969 -1.026312
2.460834 -1.931568 -0.410985
-1.848766 1.593772 -1.854187
0.524287 1.425611 2.309017
2.395311 -1.022363 0.412205
-1.309200 -0.749397 1.125458
0.063065 0.669032 1.155216
-1.892980 2.322428 -1.819665
1.010134 0.684892 -0.515539
1.062184 -1.345202 -0.367570
0.784135 -1.496348 -0.839433
2.127784 -0.189515 1.113868
0.276530 0.374547 1.068140
0.657111 -1.730327 -0.990955
-2.477245 0.419223 -0.670260
1.826252 -2.251490 1.503717
0.762673 -2.277765 -0.864133
0.915710 1.369343 0.473800
-0.284628 2.109163 -1.244212
1.766969 1.724534 1.553932
1.594101 0.991971 1.716445
-0.040631 -1.394055 2.441238
-2.498022 0.200713 -0.449589
1.066639 0.911769 -0.132914
1.015350 1.761344 -0.484029
2.189347 -0.977999 -1.204648
2.439070 -1.920061 -0.554961
0.598451 2.007129 -1.008305
-1.788862 0.414154 0.861477
0.689966 -2.017594 -2.353041
2.152469 2.337718 1.042061
0.968236 -2.164403 0.339444
1.068540 -2.118958 -0.067856
0.865860 1.063320 2.196921
0.797380 -1.803233 2.218244
-0.247080 1.395507 -1.267405
-1.059525 -2.208258 -2.318769
0.769400 0.054406 -0.882074
-1.896447 -1.856062 0.777753
1.670536 -2.046447 1.672456
-2.237087 -1.900665 -1.368359
0.754619 -1.247184 -0.907665
1.647407 -0.813955 -1.837106
-2.251615 1.440032 -1.349622
1.029294 1.294612 -0.363759
0.229206 -1.562275 -1.184971
2.002210 1.437855 -1.465123
1.739296 -1.649194 -1.767144
2.212225 0.751102 -1.138930
-0.247357 -1.531980 -1.251592
-0.293559 1.650669 -1.248901
-0.519500 0.665917 1.256421
0.030238 -1.092451 -2.492727
1.279904 1.903724 -2.090068
1.904024 1.458413 -1.606318
-2.455002 -0.754313 -0.154720
2.483374 -1.385508 -0.166753
0.242399 0.168566 1.068834
-1.781789 1.358338 0.856432
0.940326 1.910540 -2.265771
-2.151844 0.357224 -1.526404
-2.494316 0.598990 -0.401115
0.676293 -1.826113 -2.359550
-0.077783 -0.171446 2.460633
2.340835 -1.648582 0.659290
-0.268702 -0.086719 -1.265049
-1.839788 -1.802990 0.809165
0.886304 -1.712430 -0.699476
-0.987970 0.375240 1.220702
-2.046883 0.847369 0.624712
0.882213 -0.416307 -0.739691
2.454205 2.370431 0.318130
2.009958 0.523702 1.281104
-0.286943 -0.955390 -1.238395
2.197030 -0.754656 1.029644
-0.107870 1.639538 2.447252
-2.326820 1.506068 -1.240837
-2.397051 0.377784 0.014134
-1.314009 -1.507029 -2.230880
-0.288123 -1.732932 2.488501
-1.884390 -1.565713 0.765950
0.714726 -1.389438 0.717215
0.751557 2.021714 -0.877769
-2.390144 -0.520708 -1.049387
0.315465 -2.349547 2.375148
0.538503 1.215443 0.895837
1.357888 -0.630484 -2.069868
0.072329 -2.037975 -1.236827
0.920138 0.688002 -0.680492
-2.413937 1.432212 -0.000987
-1.625481 0.987198 0.956691
0.477769 -1.804772 0.939419
-1.686689 1.664107 0.929221
-0.033017 0.698963 -1.246517
0.806178 -2.279334 -0.824710
2.474654 2.496159 0.107043
2.483271 -2.401501 0.037060
1.414912 0.533011 -2.007281
-2.173407 0.572836 -1.470751
0.981813 -2.456659 0.319696
2.097988 2.232454 -1.327589
0.974895 -0.020863 0.360304
1.463077 2.461211 -1.974651
0.288756 0.676250 -1.173909
2.266068 0.950460 0.861241
0.725659 -2.184139 0.743525
2.399888 -0.455511 0.500007
-0.627269 1.836501 1.255308
0.705280 0.333212 2.239890
1.196833 0.346423 -2.158805
1.329810 -1.370241 -2.061927
1.964186 -1.233426 1.337733
-2.368683 -0.463817 -1.080921
1.995670 0.748477 -1.481910
1.017838 -0.872879 -0.446282
2.174499 -0.856362 1.039626
1.893313 1.974332 1.397874
2.224605 -1.186523 0.928724
-2.440502 -0.974479 -0.944724
0.846892 1.971232 -0.774792
2.444437 -1.901998 0.194075
2.392782 0.919181 -0.692982
0.534105 1.966975 -2.416619
2.487883 -1.855059 -0.080426
-1.358850 2.402565 1.097930
0.376123 1.089010 -1.148931
1.660958 0.212147 -1.837731
2.284872 -0.948575 -1.036051
-2.457620 0.709232 -0.884293
1.798596 -1.157051 -1.704725
-0.405171 -1.936529 1.251921
-1.144339 2.429807 -2.284456
-2.264694 0.592388 0.340665
1.684495 1.453250 1.621969
1.034385 1.029472 2.103778
-2.474776 2.352782 -0.219539
-2.275078 0.270262 -1.301184
-0.367292 2.202793 -2.470525
0.966659 -0.474212 -0.608388
0.318700 -0.317514 -1.164886
0.976492 0.871250 0.355054
-2.321566 2.448304 0.198323
1.022232 -0.525831 -0.435735
0.696073 -1.924393 0.779959
1.994559 2.286323 1.270734
2.419698 2.314052 -0.567716
-0.236140 0.081961 -1.246325
0.737177 1.067801 -0.909043
-2.485971 0.142226 -0.655687
2.094331 -1.036364 1.156627
0.244443 2.031419 -1.191215
-0.217246 -1.313561 -1.266402
1.616847 -1.950147 -1.868159
0.732562 -0.979901 0.715531
1.082082 1.369440 -0.047311
-1.242747 -1.419881 -2.241631
-2.010663 2.080724 0.643440
0.294900 -1.600937 -1.168056
1.354617 0.035189 -2.072637
-2.462008 0.681506 -0.732849
-2.395953 -1.580009 -1.097598
-0.568159 -1.352159 -2.450252
-1.450462 -1.093649 -2.127889
-1.156105 0.480570 1.168601
-2.019411 -0.104841 0.636411
-1.968872 -0.888254 0.701610
-0.007941 -0.198177 1.171823
-2.366628 -1.109436 0.092921
1.069628 2.165608 -0.130728
0.976122 -1.991224 0.362324
1.064880 0.171200 -0.231966
1.066221 -0.143389 -0.209338
-0.336820 2.144599 2.475368
1.274847 1.240022 1.952538
-0.438916 -0.995323 1.252934
1.785328 -0.118674 -1.724933
-2.415438 -0.418481 -0.036494
0.210937 -1.787003 -1.196920
-0.543196 -2.038646 1.261770
-2.286031 -0.756737 0.273899
2.096636 2.375379 1.177347
-2.203948 -0.243856 0.406682
-1.611830 0.917250 -2.053708
1.018094 0.330839 0.232224
0.504874 0.616946 0.922860
-2.237163 -0.621013 -1.368613
-0.388571 -1.048882 1.252303
-0.875523 2.379479 1.232678
2.084976 2.042690 -1.336525
0.386235 -1.678495 -1.138158
-2.061142 2.208125 -1.630332
-0.953920 -0.786735 1.242497
0.923112 1.254659 2.159450
1.954535 1.691689 -1.546575
1.070087 1.394728 -0.083553
0.180205 2.094573 -1.225117
0.934520 2.122112 0.477820
2.028651 -0.062299 1.234680
2.192197 -2.098813 0.942314
-2.073170 1.858239 0.605757
1.070482 -2.059111 -0.261832
1.020813 -0.066093 -0.414237
-0.660641 -0.705682 -2.425637
0.424497 -2.020464 -1.132053
1.027751 2.233316 -0.498128
-0.005925 1.928795 -1.250954
2.115091 0.173167 1.128888
2.215828 1.247453 0.929011
2.332812 -2.471191 0.656807
1.312328 -2.251097 1.933765
2.447397 -0.193896 -0.412972
-1.517924 2.354850 1.010265
0.754790 1.215141 -0.875285
0.422423 -2.287590 0.976570
-0.281053 -1.757017 2.478956
1.022332 0.801098 -0.485830
0.608479 1.541166 0.847973
-2.482520 1.465980 -0.314522
2.344647 0.160247 -0.865414
-2.333598 -0.544516 0.198389
-1.403899 -0.676392 1.074758
-0.309524 2.245728 -2.484243
-0.289745 0.419553 1.235556
-1.084370 1.026722 1.193051
1.209225 0.579063 -2.150414
1.223880 1.591276 1.992572
1.226896 -1.557988 2.007891
2.333354 -0.137499 -0.879267
0.622996 -1.492891 -0.980038
0.637399 0.843602 -1.000736
2.479006 -0.792189 -0.067402
-0.188394 -0.300066 -1.249620
-0.808515 2.097295 -2.378391
2.116139 -1.620153 1.091564
0.927340 -1.208843 -0.670703
-1.447859 0.262947 -2.128949
-2.140420 0.918225 0.521151
0.948295 -1.492430 -0.630700
-1.626607 1.362528 -2.038206
-2.480055 2.089928 -0.677493
0.873136 2.024880 -0.768690
0.932408 0.993836 0.429484
-0.752760 -0.170772 -2.429598
-1.376952 2.099170 -2.186381
0.497664 -2.212576 -2.418054
-0.575683 1.986013 -2.446027
0.722696 2.286601 0.744873
-0.012531 -0.537603 -1.258235
-0.134713 -2.105954 -1.250262
-0.224493 2.135662 -1.257870
0.836304 -0.987108 2.193548
0.936964 -0.413581 -0.634876
-2.280786 2.337434 -1.330905
-0.889117 -2.451089 -2.378205
2.093780 -1.082226 1.166499
-2.035250 -1.093841 0.641387
2.274056 -1.523620 0.829305
-0.096242 -0.900863 -2.486761
-0.080886 -0.460267 2.443087
-0.154388 -2.143773 -1.264014
0.927649 -2.387472 0.473653
-1.082861 0.818515 1.191565
2.171555 0.572658 -1.237484
1.540585 1.210535 -1.933605
-1.621164 0.776121 -2.042955
-2.416165 -1.177844 -0.028335
-1.446204 -0.651951 1.046784
2.370510 -2.316300 -0.770466
1.041110 -0.407619 -0.406363
-0.433239 -0.945124 1.268886
1.282640 -1.496953 1.968671
2.459699 -0.198363 -0.374470
1.711050 0.759943 1.631005
1.373504 1.131382 -2.056749
1.078549 0.586700 -0.062084
1.852879 -1.468836 1.437661
2.358297 -1.511820 0.593336
-2.475512 1.801102 -0.393522
-0.258755 -0.370853 1.240950
0.418455 1.202284 0.996406
1.104639 -1.717662 -2.214495
2.443970 0.904237 -0.434685
0.222684 -1.869658 -1.198369
-2.433101 -2.255178 -0.950781
0.735261 1.312681 0.710812
-2.321324 -2.242747 -1.196274
0.586820 1.121023 -1.030717
2.143635 1.754884 -1.284875
-0.176527 -1.807600 -1.262945
1.367815 -0.804002 1.901427
1.029491 -0.393080 -0.480576
0.841780 0.414792 0.598053
-0.085308 0.794437 -1.244036
1.611207 -1.034062 -1.884730
1.068190 -0.371735 -0.054965
0.551603 1.310146 -1.063196
-2.305848 1.219678 0.237696
1.040841 0.459313 -0.409197
-0.223861 -0.170370 -1.241688
-0.821470 1.795764 1.246746
0.092880 -2.217067 -1.220928
0.680989 2.252143 0.776435
-1.815673 0.455670 0.836893
-1.275359 -1.886659 -2.222785
-2.496111 -2.477011 -0.671923
-0.854417 -1.251202 -2.404890
1.482336 -0.475066 -1.963466
1.027897 2.330905 -0.411098
1.177095 1.170039 -2.163524
0.828424 1.395515 -0.791415
1.962201 0.536353 1.350086
2.378565 -0.065355 -0.732741
-0.441588 0.073719 -2.463866
1.563492 -1.506855 1.758721
-0.841130 -2.123306 1.232766
-1.493360 1.312030 1.050201
0.161341 1.119203 -1.232216
1.585803 -1.436179 1.735039
1.077427 -0.514039 -0.073212
-0.385956 -1.450868 1.240825
0.877403 -0.103902 -0.754972
-2.476776 -2.010236 -0.702933
0.599983 -0.385175 -1.003999
-0.216383 0.928067 1.215316
-1.541073 1.037529 -2.088721
-0.073349 -1.964509 -2.480829
1.057071 1.901194 0.101653
-0.157711 1.749155 1.215368
-1.543774 -0.382807 1.015885
0.834837 -1.492104 0.591124
-0.367645 1.864109 2.487817
-1.865907 2.243717 -1.841438
-2.447929 -0.448368 -0.867993
0.930000 -1.452276 -0.662845
0.965782 1.553767 -0.593910
-0.745843 -1.924096 1.248017
1.692296 0.964799 -1.794858
0.657930 2.240578 2.265491
-0.352576 2.263057 -2.466486
2.390861 0.380351 -0.732992
0.890281 1.395064 0.533488
-1.582506 -0.543016 -2.053335
2.111522 -0.033623 -1.325488
0.555185 0.298691 0.885095
-2.467173 -1.544800 -0.186129
2.108923 0.015695 -1.322768
0.833728 0.838799 -2.312080
-0.026198 -0.151066 -1.244266
-2.439827 0.767565 -0.932982
-1.321270 1.653958 -2.217371
-2.208759 -0.602187 -1.438380
0.466446 0.481942 2.342838
0.283826 1.035460 -1.172176
0.442602 -2.462490 -2.423639
-0.221313 0.150782 1.223598
2.371183 -1.752155 0.522169
0.576168 1.933540 -1.045366
1.738178 -2.088559 -1.757955
1.007853 -1.774460 0.244327
1.919628 0.894458 1.403773
1.741705 -1.927241 -1.752318
0.003566 1.057693 -1.247114
-0.534587 1.964861 1.247082
0.584581 2.062176 -2.384969
0.466796 2.493970 -2.422038
1.053755 1.812043 -0.393190
-1.367081 2.213468 1.105764
-0.296115 -0.679838 1.236618
1.052854 0.753760 0.058307
0.629590 0.418860 -0.980889
2.187787 -0.592750 0.994364
0.983785 -1.064916 0.318097
0.298281 -1.747157 -1.167790
-2.138431 -1.935912 0.498158
1.069445 -0.042242 -0.177708
-1.920876 -1.421956 0.734817
0.709086 -2.022355 -0.912201
-0.784601 -1.326526 1.243400
0.881603 -1.735376 -0.732268
-2.441031 2.148751 -0.104418
0.996279 -0.243322 2.133975
2.396484 0.464593 0.475457
0.696982 -1.570744 -0.948858
-2.278990 -2.195390 0.309137
2.475479 -1.912631 -0.001366
-2.407815 -0.191125 -1.018529
0.897092 1.205733 -0.712942
-1.994200 0.515599 -1.728782
1.081009 0.735888 -2.205493
2.294872 -0.369253 -0.973836
0.775601 -1.275899 0.676815
0.590438 -1.178214 -1.037765
0.440491 -0.890767 -2.435932
1.620355 2.449196 -1.879535
2.238554 -1.166098 0.917764
-2.246914 -0.385745 0.340381
0.280304 2.092995 -1.189241
-0.996250 0.390098 -2.348640
0.099280 -0.410850 1.139736
0.612576 -2.218909 -1.011719
-1.833227 -1.846867 0.840488
0.126738 -1.096703 -1.218305
-2.369647 -1.925713 0.085042
0.214615 -2.413179 1.098583
0.406786 -1.371762 2.363944
1.113415 1.544993 -2.206415
-0.941583 1.210974 1.227027
0.759645 2.303891 -0.870692
-1.169219 0.865668 1.167724
0.965471 1.890433 2.117327
-2.441351 0.224445 -0.913329
1.085575 -0.890655 0.028810
-0.184724 1.354230 1.220173
-0.095333 -1.770499 1.192820
1.063560 -0.667308 -2.221836
0.083530 -1.799766 2.422090
-1.230378 0.498563 1.150066
0.728649 -0.507579 -0.910506
0.459401 -1.525996 0.951156
-1.343138 -1.374119 1.099611
-1.353778 -2.242870 1.089769
0.826122 2.169125 2.205533
2.492245 0.509957 -0.101403
-2.444829 -2.096325 -0.907316
-1.942582 1.559144 -1.766535
-1.929478 1.244562 -1.787475
0.205146 0.164128 -1.200428
-0.905323 -2.083236 1.233869
1.493941 0.755495 -1.967379
-2.390183 -1.901205 -1.055276
0.895695 -1.497290 -0.727412
0.925562 -0.682722 -2.290265
0.859532 -0.396576 -0.760929
-0.826833 2.250622 1.243829
-1.048278 -0.586749 1.203713
1.727898 -2.304225 -1.768533
0.842603 -2.088817 -0.799824
-0.232461 1.804960 2.467947
1.000284 2.480323 0.306207
-1.468555 1.949876 1.056110
-2.383420 0.221331 0.050137
2.312294 0.829930 0.726904
-0.823107 1.478480 1.242664
-1.979226 2.445211 -1.748592
-2.374921 0.837915 -1.114276
0.058208 -0.405864 -1.241284
0.009469 0.417786 1.156511
-0.175603 0.332219 2.470210
-0.109213 0.282755 1.198927
-0.432232 -0.527081 1.241264
1.060795 -2.033489 -0.366144
-1.109139 -2.287069 -2.301572
1.976766 -1.886502 1.304587
1.843786 1.152149 1.485715
1.010366 -2.073871 0.244589
2.262499 -1.186257 0.875288
1.063270 -1.339375 2.080348
0.011972 -1.987245 -1.252645
1.015344 -0.118567 0.231702
0.861307 -1.215618 0.578413
0.522146 1.788623 2.324469
-1.939191 -1.643856 -1.777842
1.608610 2.402767 -1.878420
0.226074 1.962093 -1.202608
0.226328 -1.802120 -1.190149
0.387733 -1.821202 -1.132889
0.012059 0.041193 -1.259023
-0.019780 1.007437 1.177026
0.704755 -2.289776 -0.918125
2.479744 2.357952 0.087675
-1.671419 -0.431667 0.941152
-2.475184 2.406999 -0.571035
-2.400639 -1.668709 0.002209
-1.380631 -1.706490 1.095226
-1.896904 -2.345696 -1.812245
-0.046002 -1.056938 -1.253903
-0.223105 -1.518647 -2.481972
-1.775100 0.084227 -1.917754
0.972462 -2.230934 2.133570
2.477416 1.724581 -0.210110
-2.466348 1.493134 -0.821499
-2.049003 -0.416117 0.615155
1.061641 -2.310416 -0.195887
-1.497799 -0.475312 -2.108376
-2.410497 0.780786 -1.014138
1.036095 0.104255 -0.377933
1.072102 -1.650368 -0.092863
-0.832943 1.577530 1.241109
-0.456191 -0.247749 -2.451840
-2.195495 0.682660 -1.445020
0.086554 -0.341928 -1.240686
-2.397437 -0.205144 -1.072874
1.245366 -2.321178 1.983072
1.855059 0.503668 1.493643
0.935328 0.355576 -0.627510
-0.106935 -1.847806 -1.246694
1.270370 -0.414688 -2.105347
2.451284 -1.500395 0.187920
0.380466 -0.215238 2.352922
0.662976 0.647183 -0.961136
1.552161 -1.460874 -1.918264
2.114364 0.588126 -1.324480
-2.445961 1.281766 -0.913092
0.206916 1.031299 -1.208807
0.617567 -0.115532 -1.016773
2.215510 -0.043900 -1.155498
-2.203365 -0.267079 -1.453205
0.668196 -0.680648 -0.950058
-2.486436 1.527149 -0.445652
1.960803 -0.733067 -1.535271
2.422740 1.123635 0.377146
1.064705 0.420763 -0.284138
1.059403 -1.350489 -0.029786
1.650281 -0.527509 -1.848842
-2.253943 -2.474549 -1.370181
2.482607 1.686128 -0.208665
-0.352237 -2.142948 -1.223893
0.842980 1.434483 -0.767816
0.787075 1.340152 -0.846086
-0.054936 0.624146 -1.261409
0.591772 1.081908 -1.035831
-1.849965 0.220788 0.819475
-1.612085 0.170452 -2.032472
0.681125 2.340144 -0.948558
0.600026 -0.228850 -1.018274
0.752279 -1.082572 -0.877767
0.602375 1.594880 -2.392227
0.387702 -1.423763 -1.148848
0.882997 -1.759830 -0.714054
-1.747310 0.110711 0.879804
0.883668 1.815505 -0.758688
-0.217638 2.384653 -1.250317
-0.048079 -1.876160 -1.255111
-0.082862 1.185205 2.462188
2.476917 0.599479 0.088548
-1.720576 2.444133 -1.943273
0.871436 -1.444805 0.505285
1.809031 2.343778 -1.704911
1.046755 2.320276 2.095979
-2.367966 0.307783 -1.120703
0.810013 -2.263615 -0.805827
1.054931 -1.751228 -0.300570
-2.364512 -1.614014 -1.122795
0.778014 0.530189 -0.878256
2.467710 -2.253654 -0.355094
1.569720 -2.304522 -1.943020
-0.619560 -0.845030 -2.426972
1.454378 2.432367 -1.995345
1.197020 0.144365 -2.152846
0.330960 -2.036520 -2.434388
-1.979803 2.374708 0.677197
2.219853 2.336761 -1.164291
0.449872 -0.872602 0.939968
1.094854 -1.093527 -0.117812
-2.228851 0.422091 0.378377
-0.368321 0.919294 1.262426
2.322612 -0.998172 -0.918407
1.063133 -0.601759 0.073326
-2.466086 -0.782401 -0.785257
1.067813 -2.128564 -0.265883
0.094053 -2.241978 1.122049
-0.273055 -0.315564 1.238575
2.469222 -0.906363 -0.185130
1.016420 -1.733490 -0.455861
-1.561528 -0.272569 -2.069528
2.377292 -0.522548 0.562621
-2.457818 2.346833 -0.246084
0.704685 2.390305 -0.933691
0.593730 -1.984605 2.303008
2.278110 1.365270 0.796950
2.088825 0.357348 1.170968
-1.601546 0.033767 -2.054029
-0.702766 0.317545 -2.425572
-0.040259 2.248682 -1.256937
1.070957 0.223140 0.158973
0.795167 -1.495888 -0.875431
2.475546 -0.675901 -0.310050
0.096935 -0.299547 1.126542
-2.488533 -1.469160 -0.637950
0.845574 -0.815379 -0.750937
2.087611 0.306247 1.147814
0.174004 -1.911305 -1.217659
1.480717 0.198122 1.791234
-0.475265 0.832055 -2.462169
0.814372 0.288072 2.200824
1.036689 -0.145354 0.203195
2.229672 -0.070459 0.931567
1.269381 0.313509 1.948221
-0.692538 1.766984 -2.432403
-2.388452 1.098174 0.056212
-1.096718 0.616171 -2.300966
-0.046745 2.184035 -2.477912
1.578265 -0.329355 -1.910095
2.317650 -1.471747 -0.927589
-1.558937 -0.969655 1.027060
-0.870991 1.709495 -2.390669
1.065596 -1.585533 -0.108378
1.076756 -1.261699 -0.336408
-0.080257 -2.226545 -1.255620
-2.475805 -2.373227 -0.297294
1.069639 -1.193672 0.062726
-2.496606 -1.621536 -0.446141
-2.274349 -1.256119 -1.307143
0.108833 -2.083342 -1.230831
0.869853 -0.316916 2.203101
1.794979 -2.330992 -1.693807
0.691469 -0.762107 -0.949459
-0.098980 -2.035622 -2.467519
0.816398 0.131109 -0.821318
2.391775 -1.606013 -0.717829
-2.395409 1.382161 0.080645
-0.025863 -2.054360 -1.252424
-0.241069 0.307418 -1.242377
1.057512 -1.819543 -2.215053
0.841218 -1.797897 -0.784005
-2.325123 -1.313473 -1.243013
-2.493980 -1.984354 -0.741092
-2.453723 0.093734 -0.203649
0.223578 -2.260620 -2.461277
0.453268 -1.131513 0.967105
1.004525 2.475026 0.297106
-2.170659 1.939704 -1.513394
-0.080777 -0.111350 -1.261390
0.024717 -2.103445 -1.260421
-0.554326 -0.986192 -2.457700
0.996195 -0.726304 0.340727
0.842534 1.796377 -0.767969
0.991773 1.798513 -0.556330
-2.151812 -1.307267 -1.480069
0.145104 -0.415335 2.421944
0.403556 1.034200 -2.437808
0.470192 -0.581744 -1.091760
0.840413 -0.762438 0.590933
0.996357 -1.787815 -0.529023
-2.491521 -2.415727 -0.495674
-2.179871 2.421869 0.455183
2.422565 -2.095260 0.396883
1.012701 2.226954 0.276221
-1.205976 -2.441391 1.138352
-0.525332 1.534756 -2.449838
0.854280 -1.363542 0.569649
-0.565479 1.505713 -2.444910
1.718302 -0.889708 -1.801565
1.032329 1.542146 0.252878
0.587239 -2.102811 0.858135
-0.115269 0.612414 -1.271474
1.148835 0.386182 2.039077
2.394409 -0.081914 -0.686417
0.226223 0.713865 2.402856
-2.123781 -1.213709 0.531415
2.470728 -1.883542 -0.256520
0.642654 1.246436 -0.988772
-2.477989 0.892051 -0.596726
-1.095824 -0.308521 1.194354
1.258778 0.157993 -2.125435
1.005802 1.868850 0.302584
-0.333959 1.058895 -1.236720
1.746154 -0.223619 1.588536
0.314924 1.726757 1.042715
0.250150 -1.769738 2.391759
1.135968 0.295374 -2.193148
0.932204 1.495263 0.431190
-1.662871 2.487287 -2.005490
-2.455650 -0.502686 -0.757967
-1.748154 -2.191554 0.894614
1.428281 -2.098935 1.840808
-1.681634 1.367500 -1.994357
0.691120 -1.811091 0.764951
-2.061224 -0.885693 0.626351
2.134387 -0.926371 -1.285806
0.511092 -0.418722 -1.107461
-0.612051 -1.131473 -2.450662
-0.011131 1.037330 -2.478399
2.109520 1.034378 -1.332818
1.052467 1.149445 -2.205918
-0.142145 -1.112649 1.193606
0.681645 1.965914 -2.362920
-0.040455 -1.900659 1.194857
-1.512261 -1.090506 -2.107599
2.481006 0.163136 -0.003282
-0.105362 1.981101 1.212426
0.118794 0.256572 2.426132
-2.381095 1.283957 -1.099776
0.621510 -0.144178 0.835026
1.043547 0.102849 0.147756
-1.182354 -2.224063 1.164595
-2.005045 2.498072 0.675839
2.485987 -0.611294 -0.191860
0.388648 1.646399 0.991891
0.319253 -2.082368 -1.172163
2.481717 0.809107 0.118198
-0.801930 -2.435485 1.250525
-1.935104 -0.576734 -1.770795
-0.182456 -1.774866 -1.254163
0.591828 1.253752 -1.051305
0.657256 2.257071 -0.970837
0.378551 -1.644248 -1.158302
2.303970 -0.551872 -0.975807
-0.557818 0.471662 -2.444016
-0.241703 -0.637694 -2.485135
1.012879 -0.445983 -0.491840
-2.268132 -1.157231 0.301009
-2.474342 1.642706 -0.409160
0.989702 -1.309380 0.297596
1.885337 -1.318706 -1.617858
-2.411583 -1.437594 -0.999210
0.895034 -1.461069 0.501806
0.781237 -0.869572 0.650309
0.738937 0.036687 -0.897292
0.208689 1.214699 -1.195801
1.070479 -0.513912 -0.203770
1.405422 0.123531 1.885245
-0.105978 -0.278508 2.455970
0.073602 -2.435646 -2.460454
2.251746 0.994187 0.868036
-1.717099 -2.062434 0.900845
-1.946362 -2.304176 -1.762244
0.965442 -0.281773 -0.549173
-0.093883 -1.759593 -1.259280
-1.573428 2.002239 0.989033
1.126369 -0.693523 -2.175417
1.069251 -0.584323 -0.108110
1.170391 2.213583 2.019930
-0.793999 0.883288 1.246061
0.930462 1.625340 0.414711
1.893846 1.928871 1.428109
0.193807 -2.477219 -1.209496
0.236532 1.616712 -1.205517
-0.251344 1.503395 -1.258959
-2.265250 -0.062711 -1.356508
0.239777 -1.706373 -2.459919
-1.575761 1.705037 -2.062545
0.865415 0.256484 -0.756004
0.499842 1.459085 0.931025
1.070591 1.400326 0.084779
-1.579105 0.687559 0.989071
-0.292896 1.745633 -1.234996
1.256280 0.272985 1.951926
1.067466 1.829336 -0.134756
-1.887468 -0.860261 -1.787235
-1.897302 2.345897 0.771194
-0.640107 -1.923023 -2.439975
0.458009 0.980999 -1.115450
-1.263637 -2.042548 1.163261
-2.450000 -0.475169 -0.103564
1.855109 1.501245 1.454712
-2.409383 -0.172431 -1.024227
0.926066 -1.938512 -0.654388
0.117860 0.357757 1.116841
0.991990 0.807536 -0.515075
-0.319430 1.420480 2.471282
1.065189 1.270003 -0.074805
2.481545 1.327766 -0.023007
-1.046380 1.587946 1.211181
-0.269474 0.190130 -1.248181
1.387155 -0.401205 1.893984
2.314907 -1.014977 -0.954889
1.553770 0.636913 -1.913746
2.321616 2.326495 -0.905729
0.054634 -0.303748 -1.237567
-0.058118 -0.872980 1.189602
-2.353318 -0.696248 -1.151831
-2.235809 1.647337 0.352107
-1.245068 -0.106728 -2.236663
0.683846 0.161683 -0.933834
0.135332 2.478726 -2.467959
2.240239 -0.558103 0.887460
1.383972 -2.100435 -2.036384
2.391529 1.840105 0.591931
1.575075 -1.175206 -1.906570
1.851091 2.113457 1.474612
1.482784 1.609970 -1.962225
-0.405235 -0.380633 -2.461788
-1.769760 -0.141027 0.870187
1.743840 -2.143735 -1.747074
0.513243 0.705002 2.322194
1.089006 1.569026 2.073078
1.663261 0.479395 -1.821202
-0.040110 -0.203570 -1.262872
2.356179 -1.194589 0.625428
1.261923 -1.075883 1.966274
0.241436 1.804703 -1.197787
2.072270 2.179937 -1.392932
0.852857 -2.421954 -2.320956
1.054214 0.565774 0.191128
-2.175562 0.384040 0.429761
-1.364163 -1.024970 -2.184497
1.077615 0.958851 -0.291458
-1.853393 -1.994699 -1.852321
0.943546 -1.311244 0.422844
-1.970454 -2.393974 -1.734986
0.261159 2.080057 -2.443373
1.025692 -0.529472 0.221444
0.893274 0.601554 -0.720550
0.725991 2.416782 -0.913546
-2.030610 1.868637 0.659114
0.958907 1.034186 -2.266176
0.130419 1.362289 1.118351
-0.351253 -1.428244 2.500000
1.064414 1.447796 0.036622
1.772414 -0.520123 -1.741753
-1.940691 -1.725512 -1.756187
-1.870928 -0.806712 0.794081
2.324883 -0.727179 -0.947332
-0.459796 -2.294767 -2.475471
2.413683 2.473085 -0.603993
0.424192 -1.414636 0.978080
0.015426 1.260643 -1.249367
0.848475 0.478297 0.587364
-0.549283 1.340451 1.271490
2.399470 -0.522760 -0.721078
0.617612 -0.030692 -1.011153
0.125721 -0.136227 2.421300
1.714618 1.059083 1.605274
0.870311 0.288101 0.553804
1.896898 -1.045327 1.394942
0.394052 1.718733 -1.139289
0.838236 -1.365667 -0.774563
-0.049289 -2.094059 -1.257709
0.999750 -1.417058 -2.242603
1.055214 -0.897326 0.063393
0.050141 -0.402391 -1.238733
-1.122103 1.707911 1.184789
-1.056078 1.338963 1.205909
0.041877 -2.351109 -1.243943
-2.433362 -1.645465 -0.057825
2.420592 1.287901 -0.572630
1.117858 -1.769032 -2.195299
0.022696 -1.101420 -2.475708
0.572160 0.680284 0.877519
-0.200890 1.122743 -2.478701
0.880899 1.174367 2.169067
-2.461254 -1.534565 -0.769666
0.108824 -1.309521 -2.460854
0.713558 -0.551927 0.712286
-1.478971 -0.735885 -2.129415
0.338038 -0.971154 2.371847
-1.951229 0.987442 0.716381
-1.288969 -1.175810 1.133664
0.201548 1.665826 1.088647
2.458528 -1.539890 -0.275043
0.335340 0.550479 -1.161118
1.915184 -2.044906 1.414040
0.170872 -0.973134 -1.225502
-0.103969 -0.484921 -1.247179
1.055546 -0.528204 -0.317572
-2.466433 0.933627 -0.719457
0.174199 1.987161 -1.218246
-1.019435 0.001662 1.216506
-0.212308 -1.911835 1.206543
0.619951 -1.188689 -0.994356
0.553397 1.933915 -1.043184
2.442057 0.934788 -0.541066
2.263354 -1.048089 -1.046114
0.807742 -1.241804 -0.836626
1.046500 0.996553 0.085253
-0.477643 1.045514 -2.463739
-1.100386 1.597513 -2.308929
-2.486120 0.786179 -0.347219
1.475577 1.529176 -1.982555
1.017459 -1.065652 -2.246140
0.906259 -2.242322 0.486561
-0.977700 1.227055 1.215368
-2.090982 0.390115 -1.595451
-0.329441 -1.127251 -1.227997
1.052698 -1.370765 0.062270
1.067649 -1.440173 0.050456
-0.413645 -2.217624 -2.474389
-1.620789 2.176536 0.973857
-0.047415 -0.118375 1.186442
2.431613 -0.468350 -0.532137
-2.499212 0.752769 -0.480239
1.051921 -0.102572 0.119617
1.045750 0.218069 0.146784
1.026309 -0.597084 0.183662
2.462865 -0.605257 0.191686
-1.456131 0.868464 -2.157501
-1.971832 1.305021 0.702114
1.819688 1.191735 -1.683514
-1.864065 0.090788 0.807817
-0.183431 -1.571360 1.216534
-1.155209 2.050238 1.176654
0.239859 -2.401687 2.397166
1.057597 1.839425 -0.275637
2.312484 -2.386027 0.746658
-2.124539 -1.940882 0.527961
-0.887336 -2.013942 1.217606
-1.703274 -1.776908 0.912748
2.290769 -1.489235 -0.986624
2.441280 0.817171 -0.474080
-1.904247 0.683907 0.773026
-2.156789 0.580674 -1.517128
2.355849 0.194266 -0.805386
1.453951 -0.369654 -1.989855
-2.393801 0.969634 0.056776
-2.443511 0.536444 -0.133027
2.463379 1.767114 -0.325319
0.784275 0.408861 0.666889
-2.389714 -1.034414 -1.066816
1.057913 1.610878 0.113808
-2.420590 2.265725 -1.036689
-0.898395 -0.430347 -2.365033
0.081294 -0.137651 -1.227729
-0.938424 -0.461628 1.226335
-2.067427 -1.405899 0.608572
-2.254559 1.384975 -1.363411
-2.188825 1.999235 0.432741
2.365857 -0.101061 0.590409
0.905977 -2.449331 0.472341
-0.494376 0.093056 1.256781
1.022093 1.578635 -0.437192
-1.986944 -0.314456 -1.724495
2.350066 -0.139094 0.645416
-2.416193 -0.865289 -0.060082
1.290868 -1.904235 1.953134
-2.494914 -0.618823 -0.513610
0.152848 -1.667861 -1.218752
0.390231 -1.774227 -1.132210
0.424311 -0.443667 -1.136076
2.265548 -2.211821 -1.039445
-1.712408 0.627089 -1.972670
-2.143249 -1.656980 0.509792
0.630481 -0.288654 -1.007760
0.443896 1.286361 -1.126125
2.004311 -0.971653 1.309520
-1.651678 -2.182541 -2.036246
-2.211750 2.112850 0.416480
-2.443373 1.130497 -0.107905
-1.942204 2.385636 0.724107
2.300495 -1.509546 -0.960034
0.123422 0.402278 -1.224177
1.080643 2.300538 0.099028
-0.274616 1.139263 -1.247897
-2.441808 -1.603878 -0.099212
-0.408189 -0.094787 1.263981
-1.350778 2.127249 -2.204940
0.869750 -1.331148 -0.738845
1.645596 0.136945 1.696448
0.480788 2.177664 2.331537
2.170416 -1.048991 -1.247872
0.997119 0.768539 -0.517368
-0.190293 -0.330760 2.471643
1.080117 1.572446 -0.085382
1.045462 0.669083 0.140645
0.320120 -1.220499 -1.170347
-2.494925 0.597652 -0.467021
1.726152 2.325502 -1.809239
2.066953 -1.685093 -1.392031
-0.529056 -2.177186 -2.451118
1.019290 -1.366515 -0.483040
0.602545 1.860969 -1.030738
-0.460016 2.145244 1.246994
-0.284829 -0.391275 -1.245259
-0.824507 0.017243 1.234038
2.370128 0.878450 -0.801784
1.050967 0.688421 -0.319573
0.687391 0.367439 -0.960451
-1.469202 -2.243479 -2.121984
2.414740 2.153330 0.435377
0.229319 1.318851 2.410603
-0.824746 2.291534 -2.397363
0.631161 1.117481 2.277293
-0.108132 -1.911107 2.461636
0.618076 0.011780 0.850817
-2.492733 1.323099 -0.586450
-2.243108 -2.107149 0.349385
-2.313120 1.229485 -1.253071
2.468077 2.465820 -0.125258
0.413384 -1.539881 2.353042
1.010449 1.429001 0.270266
2.051541 -2.469917 1.229209
-1.851799 -2.031245 -1.854811
-2.336563 1.809813 0.214591
2.047300 -1.602550 1.206496
2.445236 -2.025021 0.310428
0.042912 0.171834 1.146553
0.109262 -2.397813 2.424016
-0.244461 -0.077595 -1.247431
2.350791 2.429998 0.628907
-2.497139 -0.932104 -0.525230
-0.272658 2.187670 1.235197
-2.413581 -2.116823 -0.017086
0.664908 0.458111 0.786800
2.479103 -0.185615 -0.096087
-2.460778 1.313014 -0.802098
-0.082468 -0.473412 -1.246461
0.023338 -0.264865 -1.241883
0.858476 0.604806 -0.765305
-0.460179 -1.547566 1.247531
0.655473 -0.995607 -0.987058
1.698038 -1.394182 -1.795946
1.235461 0.838566 -2.135813
2.244995 1.406919 -1.096224
2.416375 -2.281148 0.383692
0.651237 -1.663111 -0.987165
-0.239948 0.658357 -2.482402
2.252555 -2.301605 0.874427
0.427008 -0.561580 -1.121268
1.220913 1.080575 -2.135715
0.153483 2.435049 -2.478695
-2.042811 0.678272 -1.642077
-2.304317 0.136458 -1.271212
2.219503 -1.086058 0.952556
0.687250 2.281126 -0.955254
0.911852 -1.110018 -2.285796
-2.165627 -0.812411 0.458990
-2.087908 1.426614 -1.600012
1.075918 0.108741 0.037005
-1.731540 2.335398 -1.966336
0.579739 -2.195859 -2.393584
-2.376272 2.466332 -1.115200
1.029454 -2.371168 -0.419781
2.179782 2.022675 -1.223705
1.446253 -0.325161 -2.004670
1.659216 1.077953 -1.839552
0.256866 -0.249051 2.394158
2.173879 -2.176645 -1.218190
2.455996 -1.789092 -0.272320
0.400314 2.016531 0.989531
2.434401 -1.932777 0.427422
-0.384061 -1.013725 -2.475212
0.514352 -1.477239 -1.073198
-0.192863 1.247981 -1.240914
0.900665 -1.881765 -2.286722
-2.470144 1.844823 -0.672404
-0.375015 -2.267479 1.248075
-1.962380 -1.771693 -1.751345
2.473317 1.410263 -0.244494
0.115823 -1.184102 -1.234306
1.153981 0.634113 2.040780
-2.435320 -0.445103 -0.945657
0.826744 0.961676 2.196103
0.255380 0.212355 2.405340
-2.169161 0.174074 0.475975
0.211558 -1.736835 2.379207
1.070577 0.855533 -0.064206
-2.459244 1.539951 -0.119624
-0.875204 1.334866 -2.380831
-0.330423 -0.690342 -1.224443
0.682390 1.235422 -0.941179
-1.418522 1.804321 -2.153713
0.742614 1.281628 0.719114
-2.489530 1.105603 -0.374141
0.439151 2.219790 -1.143532
-0.068993 -1.903996 -1.265691
0.949991 1.564895 0.408709
1.162284 1.016556 2.024392
-0.022338 1.867083 -1.235601
2.184899 -0.178608 -1.213091
-2.114088 -2.254924 0.534530
2.304383 1.963710 0.795967
-2.431226 -2.104769 -0.050263
0.691928 2.318570 -0.945260
-1.538467 -1.719894 1.011739
1.934749 1.516189 1.335228
1.661698 1.863258 -1.845619
0.343632 -0.146949 -1.162854
1.924801 1.591277 -1.557606
-1.774091 -0.398554 0.850755
-2.306922 1.668525 0.242874
0.016385 -2.372939 2.450537
-1.531085 -0.890741 -2.104920
-2.137403 1.413796 -1.540140
0.352926 0.946396 -2.422514
0.518687 -0.320875 -1.074864
2.270388 0.546100 0.855821
0.203357 -0.846799 2.410560
-2.376961 -1.506002 -1.120245
1.863874 1.905916 1.452629
1.273944 0.081836 -2.096356
0.587541 2.460708 2.283035
-2.409113 2.454744 -0.031669
0.428498 -1.882216 2.350494
0.052827 -0.039100 -1.253537
0.655535 0.765124 -0.970430
2.217446 -0.612455 -1.141793
1.049156 1.586844 0.118059
-2.413185 -0.043766 -1.004773
-1.473330 1.085255 1.039774
0.500841 1.784012 0.925851
-2.364349 -0.822492 -1.132109
1.056459 1.486102 2.070952
-2.479013 0.642366 -0.296486
-1.031984 -1.888820 1.205491
-2.392271 -2.386687 -1.070600
-1.847384 1.266606 0.802684
0.337949 -0.693210 -1.168871
2.014468 0.627852 -1.464976
-0.350878 -0.620487 1.248547
1.585512 0.260682 1.713464
2.344280 -1.890267 -0.899276
0.341751 -0.614749 -1.155176
-0.327579 0.587648 1.239636
-2.012693 -1.405298 0.661440
0.994723 2.285561 -0.517480
-2.055530 0.718923 0.626769
1.444302 1.930252 -1.995259
-2.492844 2.061239 -0.527935
2.479550 2.223781 -0.101560
-0.095509 0.704563 -1.251846
1.177439 -0.486967 2.039213
-0.871764 1.519494 -2.370168
-2.349734 2.333623 0.161977
-2.449045 -0.306587 -0.233362
2.483130 -1.941365 -0.079927
0.308197 0.984365 -1.165122
-0.243617 0.899848 -1.251630
-2.480926 -0.848099 -0.406625
0.655973 -0.789536 -0.974718
1.077643 -0.326178 -2.211951
-2.460372 1.468902 -0.196535
-1.325454 2.367288 1.129938
0.920544 -2.460173 0.446412
0.479275 -1.261592 2.319609
-0.051800 -0.814494 -2.488179
1.689977 0.499847 1.637518
-2.282430 -0.753241 -1.287189
-0.510165 1.123400 1.259232
-0.048525 -0.745769 -2.485005
0.790579 -2.351895 -0.853013
0.261652 -0.826073 2.382238
-2.273361 -1.312935 0.286369
0.510451 1.816160 0.916685
1.319615 1.239105 -2.084496
0.126534 2.421929 -2.457432
2.453098 1.831842 -0.484550
0.422591 1.161567 2.359538
-0.032331 1.857360 2.432662
-0.961044 2.195391 -2.353020
-2.475645 1.351405 -0.193452
0.612197 1.882595 -0.989685
-0.445005 -2.237215 -2.461521
0.975272 0.426929 -0.576367
-1.024762 -0.550725 -2.335754
-1.791009 -2.065504 0.862426
0.915445 2.258815 -0.642542
2.473331 2.295859 0.153328
-0.300857 -0.003812 -1.239615
0.221299 2.264252 -1.208573
-0.081603 0.666831 1.185337
-0.230985 2.401605 -1.256562
0.364616 0.035129 1.028940
-0.067000 2.455325 2.440810
-0.084482 0.312908 -1.260069
-2.476806 1.813514 -0.240128
-2.356131 2.269752 -1.149177
-0.070789 -0.784944 1.195727
0.936623 -1.675230 2.141629
0.299267 2.017518 -2.453998
-2.403552 0.430175 0.014019
-2.467152 -1.799609 -0.238220
1.466551 -1.589880 1.825393
2.421216 1.364258 0.376176
0.413390 -0.506202 -1.134145
0.677806 1.216398 0.785608
-2.386749 0.321582 0.107040
-0.330340 -1.810452 1.238073
-1.149661 -2.301112 -2.290093
2.320701 -1.695345 -0.936942
-0.312116 -0.761994 -1.244719
0.743518 2.259805 0.704534
-2.207245 1.149694 -1.435458
2.087381 0.535922 1.158822
-2.201766 -0.220851 -1.447422
2.289429 -0.682296 0.800630
0.578494 2.331339 -1.026821
-0.988282 2.453289 -2.343117
-2.293439 1.325028 0.263649
0.399592 1.908015 2.364827
1.786134 -0.227699 1.526328
1.109258 -2.047489 2.063588
1.014646 0.608299 -0.432476
2.164103 -0.348412 -1.246073
1.022350 -2.340148 0.231580
-0.531295 -2.197291 1.257209
2.482679 0.099027 -0.230447
2.050047 1.151142 1.228690
-1.713799 -0.829293 -1.979055
2.423746 -0.318943 0.313992
-1.877826 0.921362 0.788454
0.535271 0.924102 2.321760
1.075736 -1.286239 -0.191770
0.946820 2.415574 0.433495
-1.719776 -0.209425 0.906024
-2.385467 1.940361 -1.093394
0.593380 -1.785845 0.860991
-1.539811 0.434366 -2.102246
1.492826 -1.324573 1.797186
1.022326 1.925296 0.230173
0.182224 -2.185846 -2.467217
1.980249 -0.122687 -1.522867
-2.446665 0.902510 -0.893657
0.136945 0.074203 2.416691
1.750974 0.002195 -1.773598
0.113339 -1.493536 1.126585
0.968173 -0.291083 2.133002
-2.023116 -0.109693 0.644737
-1.833801 2.153387 -1.871709
2.366503 1.079188 0.567540
2.192228 -1.961264 0.964704
-0.095300 -0.120605 -1.263381
-0.393281 1.858201 1.236808
2.475008 0.102474 -0.028960
0.510313 0.825871 2.310984
0.023412 -0.671390 1.154384
0.832959 0.731003 -0.804389
-1.865163 1.414437 -1.844031
-2.001461 -0.693017 0.674153
-0.211904 1.573904 -2.482458
-1.362761 1.093313 -2.187948
-0.098559 0.445496 1.197801
1.073410 -1.394256 -2.226528
0.459848 1.027214 -2.419405
0.998203 -1.461926 0.334440
-2.407093 -0.494611 -1.033585
-0.992842 -1.427338 -2.343065
-0.247478 2.228655 -1.246002
1.994195 0.738511 -1.518883
-0.306585 -2.460781 2.480919
-1.972986 1.397762 0.684029
2.333093 0.061957 0.680716
-0.745341 1.057935 1.239933
-2.498219 -1.433128 -0.490652
-2.428869 -1.599434 -0.930808
2.363617 -2.452994 -0.798536
0.245663 1.536885 2.393767
2.468353 -1.783017 0.101218
0.023152 -2.225861 2.437987
-0.968230 1.023440 1.219500
0.770591 -0.362058 0.690091
-2.209026 0.587864 -1.436129
2.347214 1.437560 -0.862174
1.861321 1.019302 -1.657024
0.773993 -2.356057 2.208312
-0.868295 -1.380292 -2.370728
-0.543021 1.710773 -2.453577
2.444433 0.506700 -0.627311
-0.324062 0.413461 -1.230945
2.453537 0.296878 0.219666
-0.135980 1.517659 -1.259815
0.703067 -1.436892 0.751742
-2.085079 1.463477 0.555073
1.845082 2.428559 -1.649624
0.745956 0.245425 0.703209
2.114036 1.240729 1.134480
0.753637 -1.005053 -0.887360
0.457391 2.339923 -2.412867
1.173354 2.189722 2.012570
-2.494690 -1.257157 -0.494233
-1.999242 1.276919 -1.724648
-2.412781 -1.552586 -1.062036
0.626065 0.902622 0.834366
0.489766 1.741659 -1.086297
0.800339 0.726457 -0.834319
1.045744 1.407345 -0.356988
0.961898 1.022285 0.408839
-1.977338 1.878678 -1.731745
0.174886 -0.730162 1.106627
-2.408536 -0.513494 -0.998846
1.049854 2.248771 -0.328843
0.148662 -1.542823 -1.210316
1.485070 -0.066063 -1.966169
-2.471425 2.080381 -0.417513
1.530088 -1.911428 -1.947427
-1.941408 1.778848 0.730864
-1.327030 2.348425 -2.207616
-0.122814 1.967017 -1.258389
-0.617684 -0.863218 1.246576
1.910609 -1.760022 -1.596160
-2.476121 1.870300 -0.377649
-0.244663 0.435950 2.466170
0.254342 1.581790 1.061723
-2.068449 1.218594 -1.616773
2.335799 0.017290 -0.890545
1.068059 -1.496254 -0.217430
0.106296 -1.288636 -1.223123
0.902302 0.903225 2.171970
1.096275 -0.460529 -0.148079
0.646608 -1.341633 -2.382485
1.051064 -2.145926 -0.237754
0.937115 1.777556 -0.646579
-2.262297 2.237103 0.332138
-0.628742 -1.213856 1.257964
2.445475 -1.041601 -0.397948
-0.156292 -2.267163 1.205962
2.115888 -2.094774 1.084524
0.047220 -0.827419 -2.472710
0.065912 0.770157 -1.241672
0.728376 2.171440 0.739402
1.903471 -0.710384 1.396868
0.193547 1.522002 2.401555
-0.573133 0.312488 -2.438980
-2.171496 -1.146277 0.471358
1.614923 0.193105 1.722021
-1.417692 -0.450367 1.080625
-1.596106 0.580933 -2.055509
2.482561 -0.988786 -0.348984
-2.471287 1.682476 -0.333643
2.020983 -1.147967 1.248035
1.001271 -0.082963 -0.512268
1.026282 -2.087332 0.173421
-2.150229 -1.577472 0.487518
1.901670 1.295244 1.392418
1.052362 -0.960859 -0.269178
0.727363 -2.091886 -0.900361
-1.879923 -0.112683 -1.835260
2.100793 -1.203409 1.179759
-2.020429 -2.083703 0.649508
-0.629211 1.609263 -2.452185
-0.075383 1.011353 -1.253409
-2.232093 -1.167822 0.360877
2.420826 1.017993 0.437959
1.057225 -1.389223 -0.270460
0.745286 2.216531 -2.335583
-1.727656 1.621280 -1.960349
0.998182 2.140538 2.120723
1.743100 -0.450578 1.602440
0.763206 0.871171 -0.873877
0.609535 0.529005 -1.008643
1.490250 -2.128223 1.799871
-2.476654 2.395969 -0.615304
-2.480016 -0.005903 -0.727288
0.463902 0.515436 2.346965
-0.709645 1.150975 1.258589
1.008045 -1.148146 0.289668
1.017709 0.023367 0.269017
2.443500 -1.540730 -0.546973
2.469453 -2.193554 -0.351667
0.233493 0.110287 1.089303
1.045013 -0.923705 -0.337401
0.683476 -0.464327 0.791202
0.053151 2.400511 1.149561
2.477179 1.336343 0.093537
-2.498148 -0.505132 -0.596400
0.967734 2.107896 -2.254602
-2.026139 0.710330 -1.685171
2.327474 0.706761 0.701703
2.344467 1.649033 -0.837272
2.481071 0.974273 -0.146047
-0.847176 -2.455694 1.237237
-2.133794 1.351050 0.493507
0.426535 -1.099457 2.357054
1.465311 2.117136 1.811720
-0.111433 2.461886 1.189365
0.260950 -0.056954 1.054781
-2.410249 1.721514 -0.951631
0.766299 2.201031 -0.880433
1.071249 -0.850907 -0.253193
-1.304077 2.271199 -2.205613
-1.691668 -0.637483 -1.971420
2.352259 1.563222 0.621781
0.668656 -2.406860 2.262855
0.810494 1.597289 2.211413
1.077062 0.228438 -0.056427
-2.404478 0.327025 -0.031736
-1.226867 0.780946 1.171224
0.865691 -0.130839 -0.784378
-2.454481 -1.581767 -0.120104
2.002121 1.450079 -1.468446
2.348598 -1.722472 0.662400
1.866838 0.819527 -1.637394
-2.473535 -0.808982 -0.406502
-2.465807 -0.363863 -0.720261
-2.140919 1.564745 0.528108
2.468562 -0.302161 -0.187870
-0.630238 0.318270 1.251370
-0.346123 -0.543538 -2.470087
1.533420 -0.393813 -1.918557
2.378818 -1.387536 0.489270
1.061051 0.077288 -0.249697
1.950342 -0.988997 1.326725
-1.477978 0.357856 -2.111459
0.637480 -2.346386 2.263948
0.187566 -2.500000 -1.211578
0.501171 -0.464202 0.922261
2.430513 -0.229010 0.374665
-0.555743 1.646539 1.255267
2.425583 -2.015867 -0.641547
0.677536 1.844191 -2.350763
1.639702 1.074353 1.673661
-2.297766 -0.159062 0.240874
2.202240 -1.521343 -1.155910
1.440767 -1.915467 1.860540
1.083399 1.017116 -0.195276
0.826942 2.058184 -0.813685
2.298521 -0.453477 -0.997085
0.017430 -2.310904 1.161882
2.234489 -1.515610 -1.105079
-0.334898 0.642972 -1.240711
0.774199 2.077891 0.689511
0.469811 0.967720 0.951119
0.876184 0.046712 -0.759127
-1.290536 -0.870943 -2.229550
1.122605 -2.333117 2.042633
1.185280 -1.323279 -2.153766
1.981397 -1.764978 -1.502181
0.145809 -1.436644 -2.466078
-0.038822 1.859056 1.169292
-2.073584 0.603472 0.607556
1.451582 -0.245496 -2.004048
-0.268326 -0.928237 -1.253942
1.979941 1.184129 -1.476990
-0.439899 -0.179569 1.253142
-1.494469 2.085261 -2.108873
-0.143645 1.340136 1.207912
-1.315321 -1.798354 1.130378
0.752348 -1.718573 2.237755
-1.314672 -0.080643 1.109780
-2.494748 1.923394 -0.503601
-2.387822 -1.207829 -1.056365
-0.854264 0.213934 1.227924
-1.429492 0.807186 1.067204
2.344790 -1.542344 -0.865658
-1.619465 -0.822586 0.973213
2.007839 1.038836 -1.478803
0.818875 -0.717910 -0.797664
1.879066 -1.510405 1.435788
1.835435 2.083242 -1.656814
1.220020 -2.096581 -2.141181
-2.347224 1.132596 -1.175573
-0.069380 2.144668 1.185244
0.663467 -0.845507 0.771693
0.985185 0.111116 2.121595
1.054977 1.538939 0.014801
1.058750 2.395328 0.107202
-1.205299 -2.487763 -2.279588
-1.840887 -1.342510 0.842514
-0.172135 1.194172 -2.474632
0.810085 -1.679722 0.636141
-1.468765 -0.911145 1.040308
0.726090 1.677690 -0.920785
0.993795 0.050749 0.302023
-1.045511 0.803376 1.204740
-2.454325 0.748677 -0.860819
0.360646 -0.011443 2.368548
-0.303585 -0.673112 -1.247520
-2.494084 -0.254549 -0.469411
1.713652 0.783822 -1.795091
0.070488 -0.150536 1.131710
2.388147 1.418610 0.498815
0.952786 -1.467881 -2.282523
-0.349667 2.244709 2.475536
-0.154544 2.130241 -1.262228
1.029134 -1.140297 0.207029
-2.336554 -1.301983 -1.233647
-0.445023 0.555928 -2.460292
1.927107 1.323197 1.372644
-2.393023 -1.766846 0.057977
2.413665 -1.557804 -0.667516
2.303615 0.432508 0.776031
2.458467 0.044646 0.180514
-0.635640 -0.875232 1.252298
0.648481 -1.132784 -0.994455
1.064208 2.439239 -0.145518
1.080794 2.009398 -0.030908
0.842758 0.382507 0.575622
-2.172150 -2.304416 -1.488573
0.543811 -1.784526 -2.405462
-1.007066 -2.140270 1.207464
2.297562 -1.921442 0.785244
-1.870991 0.647293 -1.819152
2.371601 -0.041510 -0.769934
-1.795315 2.249219 0.860081
1.931899 -0.161955 -1.561888
-0.218925 1.825874 -2.500000
0.617333 1.850657 2.285330
0.544806 1.877468 -1.086538
-2.444443 2.500000 -0.850547
2.386940 0.951791 -0.719095
-0.384085 0.384502 1.247890
0.943078 0.286610 -0.640138
2.484544 1.457967 -0.306191
-1.101255 1.391899 -2.320965
-0.802348 0.797280 1.231214
2.479598 -1.913364 0.085666
0.660542 -0.132544 0.781762
2.474185 1.115708 -0.277655
1.138775 0.382158 -2.192817
0.656142 -0.079824 -0.982346
-2.041662 -0.463493 -1.671184
1.181135 -1.125329 -2.166736
2.396883 -0.783489 -0.694800
-2.223904 -1.372794 0.412900
-2.357140 -2.390129 -1.132814
-2.307185 -2.438633 -1.234845
1.039943 1.516551 0.130587
2.310365 -2.272757 -0.947054
-0.263860 2.088581 2.479067
0.379388 -2.360352 -1.139244
-2.466339 1.077378 -0.223018
-1.619526 0.423485 -2.040273
-0.268348 -0.673107 -1.238032
0.370220 2.156222 1.018061
-2.362309 1.289224 0.076886
0.746633 0.909527 -2.328881
0.802586 -0.378634 -0.835791
1.271268 -0.621850 1.972143
-2.023761 -0.383913 0.652644
0.599122 -0.093677 -1.007069
1.915479 1.556751 1.401656
-2.413078 -0.562862 -0.988244
0.189462 1.602978 -1.200908
-0.580886 0.772686 -2.441920
-1.038306 0.455843 1.211011
0.635161 0.904091 0.820913
2.355598 -0.768925 0.623219
-1.648257 0.145671 -2.008478
0.627750 -0.998175 2.285893
0.894652 2.123486 0.501464
-1.366504 0.742083 -2.189363
-2.128532 -0.603631 0.517898
0.614412 1.705856 -2.384836
1.021728 1.981226 0.172126
0.960347 -0.356312 -0.574498
-1.321061 -1.034020 -2.220774
0.713424 2.285694 -0.924631
-0.539586 -0.959021 1.244838
1.046587 -1.173007 0.137534
-2.393783 2.480557 0.103522
2.228616 -1.135629 0.929341
-2.052186 1.781677 0.609539
-0.908163 -0.405747 1.231052
-0.055313 -1.733147 -1.246384
0.118374 -2.393813 -2.472736
-0.565641 1.285060 -2.443699
0.648094 -0.712137 0.829312
-1.014889 1.713560 -2.348905
-2.314301 -2.031433 0.231867
0.939473 -0.242184 0.436704
1.985052 -1.515403 1.310927
-2.489786 -2.421445 -0.412632
2.500000 1.762397 -0.073425
0.476860 1.122453 2.320990
1.988781 2.254810 1.307395
1.068803 0.467056 -0.309781
-2.422129 1.990551 -0.959054
1.733507 1.825132 -1.769708
-1.167257 0.951447 1.183044
-1.276009 0.743495 1.130621
-0.510250 -1.463170 1.253421
-0.802415 0.694860 -2.411511
-1.102368 -1.931734 -2.305944
0.112523 -2.255113 2.417381
-0.108952 2.373183 2.458240
-2.085261 1.182932 -1.621234
2.214355 0.173744 0.947391
0.343187 -0.976394 1.032697
0.344960 -1.589482 1.031688
0.375955 -2.015568 0.993841
-2.058197 2.062645 -1.643049
-0.256580 -0.575075 -1.244023
-1.607153 -1.958622 -2.061083
-1.170795 1.906954 1.161721
-2.489111 -1.134732 -0.412252
0.910119 -2.352081 -0.695159
0.405481 2.430756 -1.131530
0.658045 -2.219505 2.260639
1.161238 -0.521100 -2.173307
-2.434832 -0.304920 -0.120276
0.914505 -0.545032 -0.672448
2.465667 0.544044 -0.218960
0.888225 1.507789 -0.698280
2.215421 -0.803531 0.964744
-1.647792 0.620950 0.939838
0.127551 1.813534 -1.231958
-0.002374 -0.836711 -1.248062
0.647608 1.990814 0.781995
0.338027 -1.532996 1.014701
0.015352 1.855422 2.426634
0.929628 0.303825 0.462841
-0.706625 1.332942 -2.401011
1.070756 2.138205 -0.173414
1.789300 -0.798829 -1.724043
0.954411 1.361332 -0.617138
-0.903603 1.908859 1.237234
-2.200814 1.580429 -1.460777
0.302093 1.181150 -1.175549
-1.266654 -0.388623 -2.255801
1.673795 -1.902867 -1.837835
-1.601184 0.694752 0.988131
0.009670 -2.140495 2.444447
-1.289081 1.693023 1.116867
0.239300 -0.115103 1.093657
-0.216285 2.265831 1.213322
2.391531 -0.334647 0.553627
0.670180 -1.708721 2.266365
0.509408 0.031987 0.907260
1.008711 -2.111220 -0.494426
-2.320600 -0.310242 -1.294316
0.667083 2.226784 -0.973270
2.436415 2.422269 -0.486772
1.819568 0.457761 -1.652517
-0.770449 -0.088698 1.240890
0.468339 -2.094291 2.345308
0.783251 0.670386 0.666013
-0.120936 -1.940187 2.457374
-0.789542 -0.391730 1.246659
1.977305 -1.993199 1.322218
0.618117 -1.769973 0.837423
-0.234432 -1.878164 -1.257951
2.252514 2.195044 -1.088698
1.776672 2.378916 1.566238
-0.611843 0.775768 1.239257
1.064091 1.777401 0.084809
-1.054115 -0.652618 1.208550
-1.791241 2.373517 -1.910088
2.011579 -0.174764 -1.454857
0.856667 -0.695518 -0.779095
2.289719 1.666788 -0.968307
-0.265968 1.383205 -1.241837
-2.254060 -0.753488 0.351695
0.619529 0.429181 0.843047
-0.824160 1.030828 -2.388446
2.437709 0.295762 0.355191
-2.037928 0.246845 0.633205
2.450087 0.942566 -0.407192
-0.012746 -1.225791 -1.239006
1.322736 -1.689318 -2.096593
-0.943750 0.463267 1.229050
1.769707 1.032796 -1.752264
0.999814 1.770860 0.300926
1.990085 0.439676 -1.488227
-0.160094 -1.095966 -1.250553
1.024164 1.968492 0.195582
1.317960 2.161571 -2.081456
2.104436 1.379291 1.128674
1.651261 2.047969 -1.848107
-2.471623 1.722837 -0.249114
-2.086299 0.380337 0.586885
-1.652843 0.049056 -2.016275
-0.228054 2.110420 1.232058
2.124843 1.257961 1.066583
-2.432639 0.816747 -0.075266
-0.546683 -1.814585 -2.459099
0.808894 2.049700 -0.827911
1.775554 0.230136 1.562984
0.858856 1.909121 -2.316130
1.395145 -1.196427 -2.024790
1.032243 1.113459 0.217034
0.154209 1.603359 -1.213445
0.973699 -1.317131 2.148121
-2.373787 1.267068 0.065400
-0.349394 -1.286228 -2.474267
-2.394523 1.845767 -1.028282
0.401394 -1.369113 2.338376
0.296325 -0.266059 2.379125
0.891626 -0.535539 0.509090
0.326468 0.359659 2.376153
-2.498404 2.144274 -0.455552
2.305131 0.099340 -0.953643
0.493567 -0.710112 0.940748
-1.302795 0.889892 1.110732
0.766745 -2.013130 -0.868052
2.271284 -0.191242 -1.053618
-2.444725 -1.485034 -0.052329
1.019956 0.619853 -0.483185
1.066458 2.408009 0.058709
1.623057 -1.788477 -1.862205
-0.979599 2.327648 -2.354494
1.015980 0.685181 -0.467388
0.460277 0.390762 0.940252
1.027509 -0.635698 -0.454864
2.314000 0.547421 0.754606
0.206368 1.902144 -2.456926
-0.563071 -1.444889 1.254026
-2.122142 2.483029 -1.546734
-1.565581 2.165392 -2.073191
-1.596539 0.457623 0.968140
-1.710945 2.462771 -1.991536
0.620423 0.437920 0.826756
1.135395 -1.412441 2.044585
-0.995548 -1.735538 1.211815
-1.269836 0.217309 1.137552
0.371446 -1.855385 -2.432064
-0.933814 2.394929 -2.362161
0.202082 -0.964029 1.088363
-1.940407 -1.320752 -1.776830
1.060544 0.881434 0.143336
-0.665406 -2.465896 -2.424322
2.329068 -0.440451 -0.907951
-0.147805 0.109464 -1.250302
0.977538 -1.781562 -0.507439
-0.219673 -1.558386 2.480694
0.954936 -0.387670 -0.586604
0.951878 0.879976 -0.640070
2.466057 0.963783 -0.264049
0.781962 -0.844213 -0.844695
-0.914966 1.655380 -2.387221
